Epoch,Iteration,Time,Loss,LossEpoch,ValidLossEpoch,Alpha,AlphaEpoch,Beta
0,0,0,2.2230894565582275,2.2230894565582275,2.3226714935302732,0.001,0.001,1e-06
1,2,0.02328324317932129,2.376302480697632,nan,nan,tensor(0.0010),nan,1e-06
1,3,0.049263954162597656,2.231167793273926,nan,nan,tensor(0.0010),nan,1e-06
1,4,0.07420158386230469,2.1184468269348145,nan,nan,tensor(0.0011),nan,1e-06
1,5,0.09912633895874023,2.0983080863952637,nan,nan,tensor(0.0011),nan,1e-06
1,6,0.12175774574279785,2.2016022205352783,nan,nan,tensor(0.0011),nan,1e-06
1,7,0.14675664901733398,2.0928924083709717,nan,nan,tensor(0.0012),nan,1e-06
1,8,0.16965460777282715,2.0597524642944336,nan,nan,tensor(0.0013),nan,1e-06
1,9,0.19227051734924316,1.9765946865081787,nan,nan,tensor(0.0013),nan,1e-06
1,10,0.2145078182220459,1.76917564868927,nan,nan,tensor(0.0014),nan,1e-06
1,11,0.23732495307922363,1.7585299015045166,nan,nan,tensor(0.0014),nan,1e-06
1,12,0.2615516185760498,1.6369761228561401,nan,nan,tensor(0.0015),nan,1e-06
1,13,0.28657078742980957,1.6191996335983276,nan,nan,tensor(0.0015),nan,1e-06
1,14,0.3086864948272705,1.4527027606964111,nan,nan,tensor(0.0016),nan,1e-06
1,15,0.33118486404418945,1.4057903289794922,nan,nan,tensor(0.0016),nan,1e-06
1,16,0.35318446159362793,1.412680745124817,nan,nan,tensor(0.0016),nan,1e-06
1,17,0.3777775764465332,1.3850436210632324,nan,nan,tensor(0.0017),nan,1e-06
1,18,0.400362491607666,1.1945478916168213,nan,nan,tensor(0.0017),nan,1e-06
1,19,0.42289161682128906,1.2201921939849854,nan,nan,tensor(0.0018),nan,1e-06
1,20,0.4448659420013428,1.2280641794204712,nan,nan,tensor(0.0018),nan,1e-06
1,21,0.46880602836608887,1.104987621307373,nan,nan,tensor(0.0018),nan,1e-06
1,22,0.49155569076538086,1.005537986755371,nan,nan,tensor(0.0018),nan,1e-06
1,23,0.5162746906280518,1.0498981475830078,nan,nan,tensor(0.0019),nan,1e-06
1,24,0.541266679763794,0.9359638094902039,nan,nan,tensor(0.0019),nan,1e-06
1,25,0.5653810501098633,1.0322266817092896,nan,nan,tensor(0.0019),nan,1e-06
1,26,0.5997145175933838,0.9120174050331116,nan,nan,tensor(0.0019),nan,1e-06
1,27,0.6241021156311035,0.8047991394996643,nan,nan,tensor(0.0019),nan,1e-06
1,28,0.6488122940063477,0.9176602959632874,nan,nan,tensor(0.0019),nan,1e-06
1,29,0.6734590530395508,0.8653859496116638,nan,nan,tensor(0.0019),nan,1e-06
1,30,0.6985089778900146,0.7729567885398865,nan,nan,tensor(0.0020),nan,1e-06
1,31,0.722508430480957,0.8095411062240601,nan,nan,tensor(0.0020),nan,1e-06
1,32,0.7472622394561768,0.8274706602096558,nan,nan,tensor(0.0020),nan,1e-06
1,33,0.7711794376373291,0.8134133219718933,nan,nan,tensor(0.0020),nan,1e-06
1,34,0.7961668968200684,0.7737180590629578,nan,nan,tensor(0.0020),nan,1e-06
1,35,0.8209738731384277,0.6992578506469727,nan,nan,tensor(0.0020),nan,1e-06
1,36,0.8454480171203613,0.6815124750137329,nan,nan,tensor(0.0020),nan,1e-06
1,37,0.8720827102661133,0.6124522686004639,nan,nan,tensor(0.0020),nan,1e-06
1,38,0.8966712951660156,0.5686730146408081,nan,nan,tensor(0.0020),nan,1e-06
1,39,0.920799970626831,0.7235245108604431,nan,nan,tensor(0.0020),nan,1e-06
1,40,0.947789192199707,0.6310325264930725,nan,nan,tensor(0.0020),nan,1e-06
1,41,0.9715063571929932,0.7079298496246338,nan,nan,tensor(0.0020),nan,1e-06
1,42,0.9957773685455322,0.5710464715957642,nan,nan,tensor(0.0020),nan,1e-06
1,43,1.0199644565582275,0.5232890248298645,nan,nan,tensor(0.0020),nan,1e-06
1,44,1.0447049140930176,0.5846216082572937,nan,nan,tensor(0.0021),nan,1e-06
1,45,1.0673112869262695,0.5054963231086731,nan,nan,tensor(0.0021),nan,1e-06
1,46,1.0916709899902344,0.5984248518943787,nan,nan,tensor(0.0021),nan,1e-06
1,47,1.115715503692627,0.5615650415420532,nan,nan,tensor(0.0021),nan,1e-06
1,48,1.299816608428955,0.5659649968147278,1.1574114421580701,0.6609006042480469,tensor(0.0021),tensor(0.0017),1e-06
2,49,1.3231759071350098,0.5776850581169128,nan,nan,tensor(0.0021),nan,1e-06
2,50,1.3493671417236328,0.5366864204406738,nan,nan,tensor(0.0021),nan,1e-06
2,51,1.3744916915893555,0.5479128360748291,nan,nan,tensor(0.0021),nan,1e-06
2,52,1.4005866050720215,0.5097808837890625,nan,nan,tensor(0.0021),nan,1e-06
2,53,1.4248449802398682,0.5203244686126709,nan,nan,tensor(0.0021),nan,1e-06
2,54,1.451387643814087,0.5600143074989319,nan,nan,tensor(0.0021),nan,1e-06
2,55,1.4756433963775635,0.5308293104171753,nan,nan,tensor(0.0021),nan,1e-06
2,56,1.50150465965271,0.5174646377563477,nan,nan,tensor(0.0021),nan,1e-06
2,57,1.5270757675170898,0.5494711399078369,nan,nan,tensor(0.0021),nan,1e-06
2,58,1.5529327392578125,0.6021056771278381,nan,nan,tensor(0.0021),nan,1e-06
2,59,1.5780582427978516,0.46939143538475037,nan,nan,tensor(0.0021),nan,1e-06
2,60,1.6039316654205322,0.5134825110435486,nan,nan,tensor(0.0021),nan,1e-06
2,61,1.6296000480651855,0.5979475975036621,nan,nan,tensor(0.0021),nan,1e-06
2,62,1.6539685726165771,0.5085206627845764,nan,nan,tensor(0.0021),nan,1e-06
2,63,1.6800553798675537,0.525866687297821,nan,nan,tensor(0.0021),nan,1e-06
2,64,1.7042059898376465,0.5367812514305115,nan,nan,tensor(0.0021),nan,1e-06
2,65,1.729921817779541,0.46466344594955444,nan,nan,tensor(0.0021),nan,1e-06
2,66,1.7547862529754639,0.6341543197631836,nan,nan,tensor(0.0021),nan,1e-06
2,67,1.7806499004364014,0.4435240924358368,nan,nan,tensor(0.0021),nan,1e-06
2,68,1.8107404708862305,0.3835821747779846,nan,nan,tensor(0.0021),nan,1e-06
2,69,1.8364708423614502,0.5825387239456177,nan,nan,tensor(0.0021),nan,1e-06
2,70,1.8607304096221924,0.41735273599624634,nan,nan,tensor(0.0021),nan,1e-06
2,71,1.887078046798706,0.6729947924613953,nan,nan,tensor(0.0021),nan,1e-06
2,72,1.9121923446655273,0.5444106459617615,nan,nan,tensor(0.0021),nan,1e-06
2,73,1.9385743141174316,0.539322555065155,nan,nan,tensor(0.0021),nan,1e-06
2,74,1.9672932624816895,0.40851518511772156,nan,nan,tensor(0.0021),nan,1e-06
2,75,1.9939792156219482,0.5863549113273621,nan,nan,tensor(0.0021),nan,1e-06
2,76,2.0195367336273193,0.6031176447868347,nan,nan,tensor(0.0021),nan,1e-06
2,77,2.045567035675049,0.45684197545051575,nan,nan,tensor(0.0021),nan,1e-06
2,78,2.0707342624664307,0.4806237518787384,nan,nan,tensor(0.0021),nan,1e-06
2,79,2.096679925918579,0.5385201573371887,nan,nan,tensor(0.0021),nan,1e-06
2,80,2.1242339611053467,0.3864651322364807,nan,nan,tensor(0.0021),nan,1e-06
2,81,2.153512477874756,0.5391529202461243,nan,nan,tensor(0.0021),nan,1e-06
2,82,2.182027578353882,0.4384549856185913,nan,nan,tensor(0.0021),nan,1e-06
2,83,2.2104058265686035,0.40461206436157227,nan,nan,tensor(0.0021),nan,1e-06
2,84,2.2382829189300537,0.4382953643798828,nan,nan,tensor(0.0021),nan,1e-06
2,85,2.2667367458343506,0.47887659072875977,nan,nan,tensor(0.0021),nan,1e-06
2,86,2.294482707977295,0.4079170227050781,nan,nan,tensor(0.0021),nan,1e-06
2,87,2.322972297668457,0.4622576832771301,nan,nan,tensor(0.0021),nan,1e-06
2,88,2.350527763366699,0.391818106174469,nan,nan,tensor(0.0021),nan,1e-06
2,89,2.3792951107025146,0.3842652440071106,nan,nan,tensor(0.0021),nan,1e-06
2,90,2.407565116882324,0.4429757595062256,nan,nan,tensor(0.0021),nan,1e-06
2,91,2.4364380836486816,0.37639784812927246,nan,nan,tensor(0.0021),nan,1e-06
2,92,2.464456558227539,0.4820947051048279,nan,nan,tensor(0.0021),nan,1e-06
2,93,2.493215322494507,0.41713616251945496,nan,nan,tensor(0.0021),nan,1e-06
2,94,2.5217018127441406,0.47114473581314087,nan,nan,tensor(0.0021),nan,1e-06
2,95,2.7041404247283936,0.345292329788208,0.49421146068167177,0.5251228294372559,tensor(0.0021),tensor(0.0021),1e-06
3,96,2.730292320251465,0.47422030568122864,nan,nan,tensor(0.0021),nan,1e-06
3,97,2.759307622909546,0.5814179182052612,nan,nan,tensor(0.0021),nan,1e-06
3,98,2.7903971672058105,0.3912823498249054,nan,nan,tensor(0.0021),nan,1e-06
3,99,2.8220372200012207,0.45096462965011597,nan,nan,tensor(0.0021),nan,1e-06
3,100,2.8493528366088867,0.5619457364082336,nan,nan,tensor(0.0021),nan,1e-06
3,101,2.8785312175750732,0.44286206364631653,nan,nan,tensor(0.0021),nan,1e-06
3,102,2.9063093662261963,0.3707662522792816,nan,nan,tensor(0.0021),nan,1e-06
3,103,2.9360766410827637,0.4247133731842041,nan,nan,tensor(0.0021),nan,1e-06
3,104,2.965977668762207,0.37866371870040894,nan,nan,tensor(0.0021),nan,1e-06
3,105,2.994964838027954,0.4455867409706116,nan,nan,tensor(0.0021),nan,1e-06
3,106,3.0173473358154297,0.42989638447761536,nan,nan,tensor(0.0021),nan,1e-06
3,107,3.042217254638672,0.4116721749305725,nan,nan,tensor(0.0021),nan,1e-06
3,108,3.066065549850464,0.35834696888923645,nan,nan,tensor(0.0021),nan,1e-06
3,109,3.0908093452453613,0.4994935393333435,nan,nan,tensor(0.0021),nan,1e-06
3,110,3.1143815517425537,0.39035719633102417,nan,nan,tensor(0.0021),nan,1e-06
3,111,3.139080762863159,0.3317851126194,nan,nan,tensor(0.0021),nan,1e-06
3,112,3.1633384227752686,0.3702053725719452,nan,nan,tensor(0.0021),nan,1e-06
3,113,3.1881983280181885,0.4590190052986145,nan,nan,tensor(0.0021),nan,1e-06
3,114,3.2120633125305176,0.38746118545532227,nan,nan,tensor(0.0021),nan,1e-06
3,115,3.2366750240325928,0.4142625629901886,nan,nan,tensor(0.0021),nan,1e-06
3,116,3.26055908203125,0.30141377449035645,nan,nan,tensor(0.0021),nan,1e-06
3,117,3.2853102684020996,0.5158187747001648,nan,nan,tensor(0.0021),nan,1e-06
3,118,3.3090062141418457,0.4548701047897339,nan,nan,tensor(0.0021),nan,1e-06
3,119,3.333378314971924,0.37889203429222107,nan,nan,tensor(0.0021),nan,1e-06
3,120,3.356959819793701,0.34918835759162903,nan,nan,tensor(0.0021),nan,1e-06
3,121,3.381570816040039,0.4257136583328247,nan,nan,tensor(0.0021),nan,1e-06
3,122,3.4056169986724854,0.4046471416950226,nan,nan,tensor(0.0021),nan,1e-06
3,123,3.4302666187286377,0.3302333652973175,nan,nan,tensor(0.0021),nan,1e-06
3,124,3.454549551010132,0.39606747031211853,nan,nan,tensor(0.0021),nan,1e-06
3,125,3.4793407917022705,0.4980819821357727,nan,nan,tensor(0.0021),nan,1e-06
3,126,3.5039422512054443,0.4008999764919281,nan,nan,tensor(0.0021),nan,1e-06
3,127,3.5287179946899414,0.3497619032859802,nan,nan,tensor(0.0021),nan,1e-06
3,128,3.5532379150390625,0.2910879850387573,nan,nan,tensor(0.0021),nan,1e-06
3,129,3.5785462856292725,0.4763234853744507,nan,nan,tensor(0.0021),nan,1e-06
3,130,3.602668285369873,0.27903175354003906,nan,nan,tensor(0.0021),nan,1e-06
3,131,3.627511739730835,0.5117878317832947,nan,nan,tensor(0.0021),nan,1e-06
3,132,3.652461528778076,0.32499563694000244,nan,nan,tensor(0.0021),nan,1e-06
3,133,3.6783287525177,0.3107594847679138,nan,nan,tensor(0.0021),nan,1e-06
3,134,3.7031784057617188,0.45169597864151,nan,nan,tensor(0.0021),nan,1e-06
3,135,3.7285165786743164,0.5341241955757141,nan,nan,tensor(0.0021),nan,1e-06
3,136,3.753385543823242,0.3877469301223755,nan,nan,tensor(0.0021),nan,1e-06
3,137,3.779343843460083,0.3712506592273712,nan,nan,tensor(0.0021),nan,1e-06
3,138,3.808673858642578,0.43194249272346497,nan,nan,tensor(0.0021),nan,1e-06
3,139,3.834743022918701,0.337480366230011,nan,nan,tensor(0.0021),nan,1e-06
3,140,3.859365701675415,0.43343982100486755,nan,nan,tensor(0.0021),nan,1e-06
3,141,3.8850183486938477,0.40397775173187256,nan,nan,tensor(0.0021),nan,1e-06
3,142,4.071343421936035,0.5246838927268982,0.41384764681471153,0.4806564903259277,tensor(0.0021),tensor(0.0021),1e-06
4,143,4.0937299728393555,0.29076024889945984,nan,nan,tensor(0.0021),nan,1e-06
4,144,4.118803024291992,0.36757317185401917,nan,nan,tensor(0.0021),nan,1e-06
4,145,4.142959833145142,0.3600897789001465,nan,nan,tensor(0.0021),nan,1e-06
4,146,4.167356491088867,0.3201432526111603,nan,nan,tensor(0.0021),nan,1e-06
4,147,4.191760540008545,0.5622267127037048,nan,nan,tensor(0.0021),nan,1e-06
4,148,4.215721368789673,0.4694545269012451,nan,nan,tensor(0.0021),nan,1e-06
4,149,4.241175889968872,0.3903585374355316,nan,nan,tensor(0.0021),nan,1e-06
4,150,4.266940116882324,0.33098024129867554,nan,nan,tensor(0.0021),nan,1e-06
4,151,4.2929909229278564,0.36200082302093506,nan,nan,tensor(0.0021),nan,1e-06
4,152,4.318564414978027,0.42899826169013977,nan,nan,tensor(0.0021),nan,1e-06
4,153,4.344576358795166,0.44343388080596924,nan,nan,tensor(0.0021),nan,1e-06
4,154,4.369814157485962,0.28868359327316284,nan,nan,tensor(0.0021),nan,1e-06
4,155,4.395887136459351,0.3913620412349701,nan,nan,tensor(0.0021),nan,1e-06
4,156,4.420685052871704,0.40847352147102356,nan,nan,tensor(0.0021),nan,1e-06
4,157,4.446678638458252,0.5188318490982056,nan,nan,tensor(0.0021),nan,1e-06
4,158,4.4737067222595215,0.36437898874282837,nan,nan,tensor(0.0021),nan,1e-06
4,159,4.499768972396851,0.4096221327781677,nan,nan,tensor(0.0021),nan,1e-06
4,160,4.526649236679077,0.31104180216789246,nan,nan,tensor(0.0021),nan,1e-06
4,161,4.552947759628296,0.3498159945011139,nan,nan,tensor(0.0021),nan,1e-06
4,162,4.5795629024505615,0.4748457372188568,nan,nan,tensor(0.0021),nan,1e-06
4,163,4.6055262088775635,0.34895941615104675,nan,nan,tensor(0.0021),nan,1e-06
4,164,4.630689859390259,0.2914174497127533,nan,nan,tensor(0.0021),nan,1e-06
4,165,4.65669322013855,0.34086093306541443,nan,nan,tensor(0.0021),nan,1e-06
4,166,4.682339668273926,0.38316208124160767,nan,nan,tensor(0.0021),nan,1e-06
4,167,4.7104480266571045,0.3139275312423706,nan,nan,tensor(0.0021),nan,1e-06
4,168,4.735801935195923,0.4073384702205658,nan,nan,tensor(0.0021),nan,1e-06
4,169,4.761842250823975,0.39698922634124756,nan,nan,tensor(0.0021),nan,1e-06
4,170,4.789885759353638,0.3409261703491211,nan,nan,tensor(0.0021),nan,1e-06
4,171,4.815704107284546,0.452999472618103,nan,nan,tensor(0.0021),nan,1e-06
4,172,4.83990740776062,0.4022711515426636,nan,nan,tensor(0.0021),nan,1e-06
4,173,4.86590838432312,0.2646419107913971,nan,nan,tensor(0.0021),nan,1e-06
4,174,4.902398347854614,0.3192908465862274,nan,nan,tensor(0.0021),nan,1e-06
4,175,4.928322076797485,0.38017597794532776,nan,nan,tensor(0.0021),nan,1e-06
4,176,4.958531379699707,0.3994118273258209,nan,nan,tensor(0.0021),nan,1e-06
4,177,4.984188079833984,0.4630594551563263,nan,nan,tensor(0.0021),nan,1e-06
4,178,5.009236097335815,0.4092230796813965,nan,nan,tensor(0.0021),nan,1e-06
4,179,5.034990072250366,0.37619027495384216,nan,nan,tensor(0.0021),nan,1e-06
4,180,5.06007981300354,0.39984527230262756,nan,nan,tensor(0.0021),nan,1e-06
4,181,5.0861358642578125,0.32602986693382263,nan,nan,tensor(0.0021),nan,1e-06
4,182,5.11127233505249,0.3920353651046753,nan,nan,tensor(0.0021),nan,1e-06
4,183,5.137317657470703,0.35319361090660095,nan,nan,tensor(0.0021),nan,1e-06
4,184,5.163402557373047,0.39729851484298706,nan,nan,tensor(0.0021),nan,1e-06
4,185,5.192843437194824,0.3854953646659851,nan,nan,tensor(0.0021),nan,1e-06
4,186,5.2227842807769775,0.2066931426525116,nan,nan,tensor(0.0021),nan,1e-06
4,187,5.251922130584717,0.3031928837299347,nan,nan,tensor(0.0021),nan,1e-06
4,188,5.281721353530884,0.441569060087204,nan,nan,tensor(0.0021),nan,1e-06
4,189,5.469817638397217,0.29917478561401367,0.3752861327313362,0.45391134643554687,tensor(0.0021),tensor(0.0021),1e-06
5,190,5.496024131774902,0.36831462383270264,nan,nan,tensor(0.0022),nan,1e-06
5,191,5.523428440093994,0.3537607789039612,nan,nan,tensor(0.0022),nan,1e-06
5,192,5.5512049198150635,0.27217957377433777,nan,nan,tensor(0.0022),nan,1e-06
5,193,5.578471660614014,0.40246573090553284,nan,nan,tensor(0.0022),nan,1e-06
5,194,5.605771064758301,0.4637776017189026,nan,nan,tensor(0.0022),nan,1e-06
5,195,5.635017395019531,0.3033403158187866,nan,nan,tensor(0.0022),nan,1e-06
5,196,5.663212299346924,0.3939341902732849,nan,nan,tensor(0.0022),nan,1e-06
5,197,5.692967176437378,0.3631626069545746,nan,nan,tensor(0.0022),nan,1e-06
5,198,5.720033168792725,0.32247936725616455,nan,nan,tensor(0.0022),nan,1e-06
5,199,5.748499393463135,0.37147459387779236,nan,nan,tensor(0.0022),nan,1e-06
5,200,5.77584433555603,0.37835121154785156,nan,nan,tensor(0.0022),nan,1e-06
5,201,5.802936315536499,0.3128829598426819,nan,nan,tensor(0.0022),nan,1e-06
5,202,5.829913377761841,0.35313329100608826,nan,nan,tensor(0.0022),nan,1e-06
5,203,5.8574323654174805,0.3672558665275574,nan,nan,tensor(0.0022),nan,1e-06
5,204,5.886538028717041,0.33693161606788635,nan,nan,tensor(0.0022),nan,1e-06
5,205,5.915217161178589,0.3785339891910553,nan,nan,tensor(0.0022),nan,1e-06
5,206,5.944106817245483,0.24602054059505463,nan,nan,tensor(0.0022),nan,1e-06
5,207,5.976747751235962,0.42458611726760864,nan,nan,tensor(0.0022),nan,1e-06
5,208,6.00537896156311,0.27866265177726746,nan,nan,tensor(0.0022),nan,1e-06
5,209,6.033838987350464,0.35009050369262695,nan,nan,tensor(0.0022),nan,1e-06
5,210,6.062809228897095,0.31755682826042175,nan,nan,tensor(0.0022),nan,1e-06
5,211,6.0868306159973145,0.25197628140449524,nan,nan,tensor(0.0022),nan,1e-06
5,212,6.111733913421631,0.3022928535938263,nan,nan,tensor(0.0022),nan,1e-06
5,213,6.1364991664886475,0.37910982966423035,nan,nan,tensor(0.0022),nan,1e-06
5,214,6.161170721054077,0.33040952682495117,nan,nan,tensor(0.0022),nan,1e-06
5,215,6.18413233757019,0.32852306962013245,nan,nan,tensor(0.0022),nan,1e-06
5,216,6.208791971206665,0.3558761477470398,nan,nan,tensor(0.0022),nan,1e-06
5,217,6.232714414596558,0.2714754343032837,nan,nan,tensor(0.0022),nan,1e-06
5,218,6.257320404052734,0.34284451603889465,nan,nan,tensor(0.0022),nan,1e-06
5,219,6.281130075454712,0.4346519708633423,nan,nan,tensor(0.0022),nan,1e-06
5,220,6.30437707901001,0.42646729946136475,nan,nan,tensor(0.0022),nan,1e-06
5,221,6.328862190246582,0.2598033547401428,nan,nan,tensor(0.0022),nan,1e-06
5,222,6.351010799407959,0.3798269033432007,nan,nan,tensor(0.0022),nan,1e-06
5,223,6.375349283218384,0.3326896131038666,nan,nan,tensor(0.0022),nan,1e-06
5,224,6.3974339962005615,0.387921005487442,nan,nan,tensor(0.0022),nan,1e-06
5,225,6.421728610992432,0.24194514751434326,nan,nan,tensor(0.0022),nan,1e-06
5,226,6.445059776306152,0.29661524295806885,nan,nan,tensor(0.0022),nan,1e-06
5,227,6.4690916538238525,0.3955148160457611,nan,nan,tensor(0.0022),nan,1e-06
5,228,6.493793725967407,0.3419623374938965,nan,nan,tensor(0.0022),nan,1e-06
5,229,6.517023086547852,0.26372143626213074,nan,nan,tensor(0.0022),nan,1e-06
5,230,6.541116237640381,0.4316198527812958,nan,nan,tensor(0.0022),nan,1e-06
5,231,6.562806606292725,0.3706430196762085,nan,nan,tensor(0.0022),nan,1e-06
5,232,6.587120056152344,0.5389425754547119,nan,nan,tensor(0.0022),nan,1e-06
5,233,6.609304904937744,0.2288704365491867,nan,nan,tensor(0.0022),nan,1e-06
5,234,6.633492946624756,0.42691218852996826,nan,nan,tensor(0.0022),nan,1e-06
5,235,6.656704664230347,0.33445656299591064,nan,nan,tensor(0.0022),nan,1e-06
5,236,6.842182159423828,0.42637839913368225,0.349794569801777,0.43096368408203123,tensor(0.0022),tensor(0.0022),1e-06
6,237,6.865696907043457,0.2680550217628479,nan,nan,tensor(0.0022),nan,1e-06
6,238,6.8913350105285645,0.27918103337287903,nan,nan,tensor(0.0022),nan,1e-06
6,239,6.916594505310059,0.4352237284183502,nan,nan,tensor(0.0022),nan,1e-06
6,240,6.943789005279541,0.25632473826408386,nan,nan,tensor(0.0022),nan,1e-06
6,241,6.968615770339966,0.34603768587112427,nan,nan,tensor(0.0022),nan,1e-06
6,242,6.993834018707275,0.28944888710975647,nan,nan,tensor(0.0022),nan,1e-06
6,243,7.026262998580933,0.33351802825927734,nan,nan,tensor(0.0022),nan,1e-06
6,244,7.051523685455322,0.38484230637550354,nan,nan,tensor(0.0022),nan,1e-06
6,245,7.076577186584473,0.25606051087379456,nan,nan,tensor(0.0022),nan,1e-06
6,246,7.10178279876709,0.2521154582500458,nan,nan,tensor(0.0022),nan,1e-06
6,247,7.125437498092651,0.31906601786613464,nan,nan,tensor(0.0022),nan,1e-06
6,248,7.14975118637085,0.3503234088420868,nan,nan,tensor(0.0022),nan,1e-06
6,249,7.173402309417725,0.20789006352424622,nan,nan,tensor(0.0022),nan,1e-06
6,250,7.197634696960449,0.3014844059944153,nan,nan,tensor(0.0022),nan,1e-06
6,251,7.221367120742798,0.2667376399040222,nan,nan,tensor(0.0022),nan,1e-06
6,252,7.245836973190308,0.3114639222621918,nan,nan,tensor(0.0022),nan,1e-06
6,253,7.2699806690216064,0.37116357684135437,nan,nan,tensor(0.0022),nan,1e-06
6,254,7.294247150421143,0.37175941467285156,nan,nan,tensor(0.0022),nan,1e-06
6,255,7.319480895996094,0.317091703414917,nan,nan,tensor(0.0022),nan,1e-06
6,256,7.3449060916900635,0.2625984847545624,nan,nan,tensor(0.0022),nan,1e-06
6,257,7.3702638149261475,0.3784444332122803,nan,nan,tensor(0.0022),nan,1e-06
6,258,7.395047187805176,0.48941072821617126,nan,nan,tensor(0.0022),nan,1e-06
6,259,7.420356273651123,0.34007617831230164,nan,nan,tensor(0.0022),nan,1e-06
6,260,7.4450178146362305,0.35607582330703735,nan,nan,tensor(0.0022),nan,1e-06
6,261,7.470389127731323,0.24838599562644958,nan,nan,tensor(0.0022),nan,1e-06
6,262,7.494922161102295,0.24954915046691895,nan,nan,tensor(0.0022),nan,1e-06
6,263,7.52036190032959,0.3972237706184387,nan,nan,tensor(0.0022),nan,1e-06
6,264,7.54548192024231,0.34313124418258667,nan,nan,tensor(0.0022),nan,1e-06
6,265,7.571047306060791,0.3505471348762512,nan,nan,tensor(0.0022),nan,1e-06
6,266,7.596232652664185,0.39924612641334534,nan,nan,tensor(0.0022),nan,1e-06
6,267,7.621752500534058,0.2912241220474243,nan,nan,tensor(0.0022),nan,1e-06
6,268,7.6463942527771,0.3491818606853485,nan,nan,tensor(0.0022),nan,1e-06
6,269,7.672211408615112,0.3621235489845276,nan,nan,tensor(0.0022),nan,1e-06
6,270,7.697900295257568,0.30876997113227844,nan,nan,tensor(0.0022),nan,1e-06
6,271,7.723434209823608,0.36432063579559326,nan,nan,tensor(0.0022),nan,1e-06
6,272,7.748883962631226,0.34280726313591003,nan,nan,tensor(0.0022),nan,1e-06
6,273,7.77444863319397,0.3308611512184143,nan,nan,tensor(0.0022),nan,1e-06
6,274,7.803210258483887,0.33944937586784363,nan,nan,tensor(0.0022),nan,1e-06
6,275,7.828930854797363,0.4214431047439575,nan,nan,tensor(0.0022),nan,1e-06
6,276,7.854036808013916,0.2568383514881134,nan,nan,tensor(0.0022),nan,1e-06
6,277,7.879866361618042,0.3228341341018677,nan,nan,tensor(0.0022),nan,1e-06
6,278,7.905692100524902,0.3075995147228241,nan,nan,tensor(0.0022),nan,1e-06
6,279,7.931124687194824,0.44980111718177795,nan,nan,tensor(0.0022),nan,1e-06
6,280,7.955030202865601,0.4399006962776184,nan,nan,tensor(0.0022),nan,1e-06
6,281,7.9804487228393555,0.3628438115119934,nan,nan,tensor(0.0022),nan,1e-06
6,282,8.005246877670288,0.28542742133140564,nan,nan,tensor(0.0022),nan,1e-06
6,283,8.186789989471436,0.3328581750392914,0.33193108249217906,0.4190263557434082,tensor(0.0022),tensor(0.0022),1e-06
7,284,8.209683179855347,0.31483447551727295,nan,nan,tensor(0.0022),nan,1e-06
7,285,8.235081434249878,0.39174455404281616,nan,nan,tensor(0.0022),nan,1e-06
7,286,8.259503364562988,0.3068429231643677,nan,nan,tensor(0.0022),nan,1e-06
7,287,8.2852144241333,0.23869284987449646,nan,nan,tensor(0.0022),nan,1e-06
7,288,8.309897422790527,0.42228418588638306,nan,nan,tensor(0.0022),nan,1e-06
7,289,8.33534049987793,0.34249597787857056,nan,nan,tensor(0.0022),nan,1e-06
7,290,8.360347986221313,0.3050864636898041,nan,nan,tensor(0.0022),nan,1e-06
7,291,8.388932704925537,0.32086631655693054,nan,nan,tensor(0.0022),nan,1e-06
7,292,8.416804313659668,0.3786953389644623,nan,nan,tensor(0.0022),nan,1e-06
7,293,8.445557594299316,0.34342241287231445,nan,nan,tensor(0.0022),nan,1e-06
7,294,8.473489046096802,0.3170939087867737,nan,nan,tensor(0.0022),nan,1e-06
7,295,8.504878044128418,0.33005017042160034,nan,nan,tensor(0.0022),nan,1e-06
7,296,8.533516645431519,0.25701069831848145,nan,nan,tensor(0.0022),nan,1e-06
7,297,8.562077522277832,0.30540454387664795,nan,nan,tensor(0.0022),nan,1e-06
7,298,8.589162588119507,0.3315800428390503,nan,nan,tensor(0.0022),nan,1e-06
7,299,8.6179678440094,0.28068962693214417,nan,nan,tensor(0.0022),nan,1e-06
7,300,8.64605188369751,0.39607369899749756,nan,nan,tensor(0.0022),nan,1e-06
7,301,8.675456285476685,0.32579267024993896,nan,nan,tensor(0.0022),nan,1e-06
7,302,8.70386791229248,0.2503657937049866,nan,nan,tensor(0.0022),nan,1e-06
7,303,8.732561826705933,0.35554391145706177,nan,nan,tensor(0.0022),nan,1e-06
7,304,8.760560274124146,0.2671521306037903,nan,nan,tensor(0.0022),nan,1e-06
7,305,8.794361114501953,0.4155181050300598,nan,nan,tensor(0.0022),nan,1e-06
7,306,8.823462724685669,0.3368346393108368,nan,nan,tensor(0.0022),nan,1e-06
7,307,8.852006435394287,0.31843122839927673,nan,nan,tensor(0.0022),nan,1e-06
7,308,8.88078498840332,0.3117913007736206,nan,nan,tensor(0.0022),nan,1e-06
7,309,8.908845663070679,0.30660906434059143,nan,nan,tensor(0.0022),nan,1e-06
7,310,8.937779664993286,0.19726528227329254,nan,nan,tensor(0.0022),nan,1e-06
7,311,8.9698166847229,0.2944760024547577,nan,nan,tensor(0.0022),nan,1e-06
7,312,8.998929977416992,0.3104301393032074,nan,nan,tensor(0.0022),nan,1e-06
7,313,9.026924133300781,0.35143184661865234,nan,nan,tensor(0.0022),nan,1e-06
7,314,9.055442094802856,0.3089401125907898,nan,nan,tensor(0.0022),nan,1e-06
7,315,9.083549976348877,0.31209656596183777,nan,nan,tensor(0.0022),nan,1e-06
7,316,9.108006238937378,0.27083003520965576,nan,nan,tensor(0.0022),nan,1e-06
7,317,9.131945610046387,0.30608317255973816,nan,nan,tensor(0.0022),nan,1e-06
7,318,9.156331300735474,0.3186953067779541,nan,nan,tensor(0.0022),nan,1e-06
7,319,9.180034399032593,0.28177493810653687,nan,nan,tensor(0.0022),nan,1e-06
7,320,9.204336404800415,0.3333349823951721,nan,nan,tensor(0.0022),nan,1e-06
7,321,9.227862358093262,0.2981606423854828,nan,nan,tensor(0.0022),nan,1e-06
7,322,9.252224683761597,0.3598693609237671,nan,nan,tensor(0.0022),nan,1e-06
7,323,9.27576994895935,0.3437040448188782,nan,nan,tensor(0.0022),nan,1e-06
7,324,9.300059795379639,0.40965402126312256,nan,nan,tensor(0.0022),nan,1e-06
7,325,9.323770761489868,0.30255550146102905,nan,nan,tensor(0.0022),nan,1e-06
7,326,9.34807825088501,0.24293184280395508,nan,nan,tensor(0.0022),nan,1e-06
7,327,9.371755599975586,0.29767870903015137,nan,nan,tensor(0.0022),nan,1e-06
7,328,9.396089553833008,0.2795248329639435,nan,nan,tensor(0.0022),nan,1e-06
7,329,9.419862985610962,0.312249094247818,nan,nan,tensor(0.0022),nan,1e-06
7,330,9.6019606590271,0.40937232971191406,0.3194035275819454,0.41078163528442385,tensor(0.0022),tensor(0.0022),1e-06
8,331,9.624647617340088,0.32014602422714233,nan,nan,tensor(0.0022),nan,1e-06
8,332,9.649333715438843,0.2183840423822403,nan,nan,tensor(0.0022),nan,1e-06
8,333,9.673062086105347,0.3736337721347809,nan,nan,tensor(0.0022),nan,1e-06
8,334,9.698091745376587,0.2595091164112091,nan,nan,tensor(0.0022),nan,1e-06
8,335,9.72198224067688,0.24443286657333374,nan,nan,tensor(0.0022),nan,1e-06
8,336,9.74575424194336,0.4423547387123108,nan,nan,tensor(0.0022),nan,1e-06
8,337,9.77018404006958,0.21967710554599762,nan,nan,tensor(0.0022),nan,1e-06
8,338,9.793505430221558,0.24525682628154755,nan,nan,tensor(0.0022),nan,1e-06
8,339,9.818114757537842,0.42223697900772095,nan,nan,tensor(0.0022),nan,1e-06
8,340,9.84190821647644,0.2982766330242157,nan,nan,tensor(0.0022),nan,1e-06
8,341,9.867170572280884,0.28215518593788147,nan,nan,tensor(0.0022),nan,1e-06
8,342,9.891944169998169,0.30657464265823364,nan,nan,tensor(0.0022),nan,1e-06
8,343,9.91721248626709,0.30572229623794556,nan,nan,tensor(0.0022),nan,1e-06
8,344,9.941580533981323,0.2958577871322632,nan,nan,tensor(0.0022),nan,1e-06
8,345,9.966960906982422,0.3909563422203064,nan,nan,tensor(0.0022),nan,1e-06
8,346,9.991198778152466,0.4274778962135315,nan,nan,tensor(0.0022),nan,1e-06
8,347,10.016190528869629,0.45739686489105225,nan,nan,tensor(0.0022),nan,1e-06
8,348,10.040592908859253,0.23373903334140778,nan,nan,tensor(0.0022),nan,1e-06
8,349,10.065844535827637,0.33193111419677734,nan,nan,tensor(0.0022),nan,1e-06
8,350,10.090128898620605,0.31411483883857727,nan,nan,tensor(0.0022),nan,1e-06
8,351,10.115376234054565,0.20777246356010437,nan,nan,tensor(0.0022),nan,1e-06
8,352,10.139049291610718,0.25010502338409424,nan,nan,tensor(0.0022),nan,1e-06
8,353,10.163416624069214,0.30325084924697876,nan,nan,tensor(0.0022),nan,1e-06
8,354,10.187535524368286,0.3798931837081909,nan,nan,tensor(0.0022),nan,1e-06
8,355,10.212393999099731,0.3373468220233917,nan,nan,tensor(0.0022),nan,1e-06
8,356,10.235963344573975,0.26473259925842285,nan,nan,tensor(0.0022),nan,1e-06
8,357,10.260717391967773,0.2799047529697418,nan,nan,tensor(0.0022),nan,1e-06
8,358,10.284449338912964,0.2831427752971649,nan,nan,tensor(0.0022),nan,1e-06
8,359,10.309906482696533,0.28928419947624207,nan,nan,tensor(0.0022),nan,1e-06
8,360,10.334511756896973,0.30174243450164795,nan,nan,tensor(0.0022),nan,1e-06
8,361,10.360495567321777,0.27810433506965637,nan,nan,tensor(0.0022),nan,1e-06
8,362,10.38550853729248,0.28357675671577454,nan,nan,tensor(0.0022),nan,1e-06
8,363,10.412408828735352,0.3444206118583679,nan,nan,tensor(0.0022),nan,1e-06
8,364,10.437383890151978,0.25628939270973206,nan,nan,tensor(0.0022),nan,1e-06
8,365,10.463039875030518,0.3124452233314514,nan,nan,tensor(0.0022),nan,1e-06
8,366,10.487407922744751,0.3157201111316681,nan,nan,tensor(0.0022),nan,1e-06
8,367,10.512880563735962,0.3247400224208832,nan,nan,tensor(0.0022),nan,1e-06
8,368,10.537533283233643,0.25494104623794556,nan,nan,tensor(0.0022),nan,1e-06
8,369,10.56308650970459,0.27603137493133545,nan,nan,tensor(0.0022),nan,1e-06
8,370,10.58772873878479,0.2978942394256592,nan,nan,tensor(0.0022),nan,1e-06
8,371,10.613268613815308,0.35219281911849976,nan,nan,tensor(0.0022),nan,1e-06
8,372,10.638088464736938,0.29198557138442993,nan,nan,tensor(0.0022),nan,1e-06
8,373,10.663685083389282,0.3184807598590851,nan,nan,tensor(0.0022),nan,1e-06
8,374,10.688598871231079,0.2569860517978668,nan,nan,tensor(0.0022),nan,1e-06
8,375,10.71436858177185,0.41582754254341125,nan,nan,tensor(0.0022),nan,1e-06
8,376,10.739786148071289,0.3037952184677124,nan,nan,tensor(0.0022),nan,1e-06
8,377,10.924445867538452,0.2660401165485382,0.3071591575094994,0.4032053642272949,tensor(0.0022),tensor(0.0022),1e-06
9,378,10.949928522109985,0.34107735753059387,nan,nan,tensor(0.0022),nan,1e-06
9,379,10.975533723831177,0.2988363802433014,nan,nan,tensor(0.0022),nan,1e-06
9,380,11.000587701797485,0.2668705880641937,nan,nan,tensor(0.0022),nan,1e-06
9,381,11.025923728942871,0.2750937342643738,nan,nan,tensor(0.0022),nan,1e-06
9,382,11.051198959350586,0.2372114360332489,nan,nan,tensor(0.0022),nan,1e-06
9,383,11.077017784118652,0.2758433222770691,nan,nan,tensor(0.0022),nan,1e-06
9,384,11.102335929870605,0.28146103024482727,nan,nan,tensor(0.0022),nan,1e-06
9,385,11.128265380859375,0.34916505217552185,nan,nan,tensor(0.0022),nan,1e-06
9,386,11.153564691543579,0.22139285504817963,nan,nan,tensor(0.0022),nan,1e-06
9,387,11.179253578186035,0.2986462414264679,nan,nan,tensor(0.0022),nan,1e-06
9,388,11.2047438621521,0.22797727584838867,nan,nan,tensor(0.0022),nan,1e-06
9,389,11.231285333633423,0.20477837324142456,nan,nan,tensor(0.0022),nan,1e-06
9,390,11.256943702697754,0.30927395820617676,nan,nan,tensor(0.0022),nan,1e-06
9,391,11.282912015914917,0.3534035384654999,nan,nan,tensor(0.0022),nan,1e-06
9,392,11.30757188796997,0.4076002836227417,nan,nan,tensor(0.0022),nan,1e-06
9,393,11.334256410598755,0.222932830452919,nan,nan,tensor(0.0022),nan,1e-06
9,394,11.359400272369385,0.30052149295806885,nan,nan,tensor(0.0022),nan,1e-06
9,395,11.383414268493652,0.2592329680919647,nan,nan,tensor(0.0022),nan,1e-06
9,396,11.412518739700317,0.33918964862823486,nan,nan,tensor(0.0022),nan,1e-06
9,397,11.44085168838501,0.2833232283592224,nan,nan,tensor(0.0022),nan,1e-06
9,398,11.469756364822388,0.20795294642448425,nan,nan,tensor(0.0022),nan,1e-06
9,399,11.498736381530762,0.324959933757782,nan,nan,tensor(0.0022),nan,1e-06
9,400,11.526071548461914,0.3360896706581116,nan,nan,tensor(0.0022),nan,1e-06
9,401,11.555326700210571,0.34802913665771484,nan,nan,tensor(0.0022),nan,1e-06
9,402,11.584261894226074,0.2856556177139282,nan,nan,tensor(0.0022),nan,1e-06
9,403,11.613341569900513,0.23533765971660614,nan,nan,tensor(0.0022),nan,1e-06
9,404,11.64091444015503,0.33440709114074707,nan,nan,tensor(0.0022),nan,1e-06
9,405,11.670302867889404,0.290892094373703,nan,nan,tensor(0.0022),nan,1e-06
9,406,11.697866678237915,0.2773030400276184,nan,nan,tensor(0.0022),nan,1e-06
9,407,11.727038621902466,0.3169218599796295,nan,nan,tensor(0.0022),nan,1e-06
9,408,11.754916667938232,0.17309555411338806,nan,nan,tensor(0.0022),nan,1e-06
9,409,11.783677339553833,0.30850377678871155,nan,nan,tensor(0.0022),nan,1e-06
9,410,11.811194658279419,0.26697883009910583,nan,nan,tensor(0.0022),nan,1e-06
9,411,11.839964628219604,0.33263468742370605,nan,nan,tensor(0.0022),nan,1e-06
9,412,11.869302988052368,0.3133222460746765,nan,nan,tensor(0.0022),nan,1e-06
9,413,11.898751020431519,0.2838478982448578,nan,nan,tensor(0.0022),nan,1e-06
9,414,11.928106307983398,0.316281259059906,nan,nan,tensor(0.0022),nan,1e-06
9,415,11.956600666046143,0.3527640402317047,nan,nan,tensor(0.0022),nan,1e-06
9,416,11.985928535461426,0.29978954792022705,nan,nan,tensor(0.0022),nan,1e-06
9,417,12.014564514160156,0.2394387423992157,nan,nan,tensor(0.0022),nan,1e-06
9,418,12.043647766113281,0.3204716444015503,nan,nan,tensor(0.0022),nan,1e-06
9,419,12.072359323501587,0.3819423019886017,nan,nan,tensor(0.0022),nan,1e-06
9,420,12.09701681137085,0.2778260409832001,nan,nan,tensor(0.0022),nan,1e-06
9,421,12.120319128036499,0.39215871691703796,nan,nan,tensor(0.0022),nan,1e-06
9,422,12.145031213760376,0.3083823025226593,nan,nan,tensor(0.0022),nan,1e-06
9,423,12.1680269241333,0.40609633922576904,nan,nan,tensor(0.0022),nan,1e-06
9,424,12.353471517562866,0.3051474690437317,0.29766089453342115,0.3967885093688965,tensor(0.0022),tensor(0.0022),1e-06
10,425,12.376659393310547,0.33653631806373596,nan,nan,tensor(0.0022),nan,1e-06
10,426,12.402350664138794,0.3322908878326416,nan,nan,tensor(0.0022),nan,1e-06
10,427,12.425464391708374,0.18304461240768433,nan,nan,tensor(0.0022),nan,1e-06
10,428,12.450342893600464,0.31160682439804077,nan,nan,tensor(0.0022),nan,1e-06
10,429,12.474553346633911,0.2446853667497635,nan,nan,tensor(0.0022),nan,1e-06
10,430,12.500773668289185,0.2775007486343384,nan,nan,tensor(0.0022),nan,1e-06
10,431,12.525710821151733,0.3451426327228546,nan,nan,tensor(0.0022),nan,1e-06
10,432,12.55175518989563,0.3281896710395813,nan,nan,tensor(0.0022),nan,1e-06
10,433,12.577932119369507,0.28297093510627747,nan,nan,tensor(0.0022),nan,1e-06
10,434,12.604389190673828,0.2235398143529892,nan,nan,tensor(0.0022),nan,1e-06
10,435,12.628743171691895,0.3218005299568176,nan,nan,tensor(0.0022),nan,1e-06
10,436,12.655734539031982,0.3405759632587433,nan,nan,tensor(0.0022),nan,1e-06
10,437,12.681782960891724,0.20876137912273407,nan,nan,tensor(0.0022),nan,1e-06
10,438,12.708392858505249,0.3939111530780792,nan,nan,tensor(0.0022),nan,1e-06
10,439,12.733224630355835,0.29069289565086365,nan,nan,tensor(0.0022),nan,1e-06
10,440,12.760648965835571,0.25065720081329346,nan,nan,tensor(0.0022),nan,1e-06
10,441,12.790081024169922,0.3851749300956726,nan,nan,tensor(0.0022),nan,1e-06
10,442,12.817577838897705,0.2619522511959076,nan,nan,tensor(0.0022),nan,1e-06
10,443,12.84315013885498,0.3252306878566742,nan,nan,tensor(0.0022),nan,1e-06
10,444,12.869173288345337,0.3193402886390686,nan,nan,tensor(0.0022),nan,1e-06
10,445,12.894474744796753,0.28659000992774963,nan,nan,tensor(0.0022),nan,1e-06
10,446,12.923012018203735,0.4279221296310425,nan,nan,tensor(0.0022),nan,1e-06
10,447,12.954631567001343,0.28893646597862244,nan,nan,tensor(0.0022),nan,1e-06
10,448,12.98345398902893,0.21505482494831085,nan,nan,tensor(0.0022),nan,1e-06
10,449,13.01148247718811,0.26563167572021484,nan,nan,tensor(0.0022),nan,1e-06
10,450,13.038253784179688,0.3014599084854126,nan,nan,tensor(0.0022),nan,1e-06
10,451,13.065610408782959,0.2288389801979065,nan,nan,tensor(0.0022),nan,1e-06
10,452,13.095448017120361,0.2462177574634552,nan,nan,tensor(0.0022),nan,1e-06
10,453,13.124161005020142,0.23457348346710205,nan,nan,tensor(0.0022),nan,1e-06
10,454,13.152886629104614,0.2775605320930481,nan,nan,tensor(0.0022),nan,1e-06
10,455,13.182243347167969,0.30480730533599854,nan,nan,tensor(0.0022),nan,1e-06
10,456,13.20803165435791,0.2846720218658447,nan,nan,tensor(0.0022),nan,1e-06
10,457,13.234222173690796,0.36298665404319763,nan,nan,tensor(0.0022),nan,1e-06
10,458,13.259625434875488,0.2834639251232147,nan,nan,tensor(0.0022),nan,1e-06
10,459,13.285924434661865,0.2284260094165802,nan,nan,tensor(0.0022),nan,1e-06
10,460,13.311273097991943,0.4254603385925293,nan,nan,tensor(0.0022),nan,1e-06
10,461,13.337186336517334,0.387081503868103,nan,nan,tensor(0.0022),nan,1e-06
10,462,13.362381219863892,0.29963693022727966,nan,nan,tensor(0.0022),nan,1e-06
10,463,13.389201641082764,0.28029099106788635,nan,nan,tensor(0.0022),nan,1e-06
10,464,13.414158582687378,0.20901107788085938,nan,nan,tensor(0.0022),nan,1e-06
10,465,13.44038200378418,0.3639330565929413,nan,nan,tensor(0.0022),nan,1e-06
10,466,13.465044021606445,0.240341916680336,nan,nan,tensor(0.0022),nan,1e-06
10,467,13.491050004959106,0.2306060791015625,nan,nan,tensor(0.0022),nan,1e-06
10,468,13.516687393188477,0.31607621908187866,nan,nan,tensor(0.0022),nan,1e-06
10,469,13.542506694793701,0.24389883875846863,nan,nan,tensor(0.0022),nan,1e-06
10,470,13.56747579574585,0.15384800732135773,nan,nan,tensor(0.0022),nan,1e-06
10,471,13.75237512588501,0.2843281030654907,0.2901119114236629,0.39409349822998047,tensor(0.0022),tensor(0.0022),1e-06
11,472,13.775686740875244,0.2926221787929535,nan,nan,tensor(0.0022),nan,1e-06
11,473,13.802160024642944,0.3251150846481323,nan,nan,tensor(0.0022),nan,1e-06
11,474,13.82847261428833,0.27406755089759827,nan,nan,tensor(0.0022),nan,1e-06
11,475,13.852601766586304,0.2642817795276642,nan,nan,tensor(0.0022),nan,1e-06
11,476,13.87850570678711,0.2386368066072464,nan,nan,tensor(0.0022),nan,1e-06
11,477,13.902464389801025,0.2396344542503357,nan,nan,tensor(0.0022),nan,1e-06
11,478,13.928588628768921,0.24848830699920654,nan,nan,tensor(0.0022),nan,1e-06
11,479,13.957383394241333,0.36335355043411255,nan,nan,tensor(0.0022),nan,1e-06
11,480,13.98329782485962,0.2257131040096283,nan,nan,tensor(0.0022),nan,1e-06
11,481,14.00957465171814,0.2748706042766571,nan,nan,tensor(0.0022),nan,1e-06
11,482,14.034353733062744,0.316362202167511,nan,nan,tensor(0.0022),nan,1e-06
11,483,14.063025712966919,0.40834876894950867,nan,nan,tensor(0.0022),nan,1e-06
11,484,14.090851068496704,0.3469134569168091,nan,nan,tensor(0.0022),nan,1e-06
11,485,14.11995005607605,0.2212980091571808,nan,nan,tensor(0.0022),nan,1e-06
11,486,14.147884845733643,0.24379423260688782,nan,nan,tensor(0.0022),nan,1e-06
11,487,14.177074670791626,0.2600829601287842,nan,nan,tensor(0.0022),nan,1e-06
11,488,14.206368446350098,0.2604154050350189,nan,nan,tensor(0.0022),nan,1e-06
11,489,14.235451459884644,0.3513554334640503,nan,nan,tensor(0.0022),nan,1e-06
11,490,14.26425576210022,0.2618449032306671,nan,nan,tensor(0.0022),nan,1e-06
11,491,14.293626308441162,0.3219684362411499,nan,nan,tensor(0.0022),nan,1e-06
11,492,14.321131944656372,0.34141281247138977,nan,nan,tensor(0.0022),nan,1e-06
11,493,14.350951910018921,0.21142414212226868,nan,nan,tensor(0.0022),nan,1e-06
11,494,14.379651069641113,0.2820171117782593,nan,nan,tensor(0.0022),nan,1e-06
11,495,14.40901517868042,0.24793466925621033,nan,nan,tensor(0.0022),nan,1e-06
11,496,14.437541723251343,0.2556126117706299,nan,nan,tensor(0.0022),nan,1e-06
11,497,14.466471910476685,0.2852620780467987,nan,nan,tensor(0.0022),nan,1e-06
11,498,14.49517011642456,0.20242200791835785,nan,nan,tensor(0.0022),nan,1e-06
11,499,14.524381637573242,0.2261735498905182,nan,nan,tensor(0.0022),nan,1e-06
11,500,14.552756547927856,0.2950412631034851,nan,nan,tensor(0.0022),nan,1e-06
11,501,14.581775426864624,0.21436113119125366,nan,nan,tensor(0.0022),nan,1e-06
11,502,14.609868049621582,0.3186175227165222,nan,nan,tensor(0.0022),nan,1e-06
11,503,14.639306783676147,0.22523748874664307,nan,nan,tensor(0.0022),nan,1e-06
11,504,14.667062520980835,0.3003195822238922,nan,nan,tensor(0.0022),nan,1e-06
11,505,14.69631314277649,0.3351476788520813,nan,nan,tensor(0.0022),nan,1e-06
11,506,14.724620580673218,0.2797268331050873,nan,nan,tensor(0.0022),nan,1e-06
11,507,14.753438711166382,0.29484784603118896,nan,nan,tensor(0.0022),nan,1e-06
11,508,14.781810283660889,0.26883989572525024,nan,nan,tensor(0.0022),nan,1e-06
11,509,14.810438632965088,0.1877901256084442,nan,nan,tensor(0.0022),nan,1e-06
11,510,14.840542793273926,0.38056680560112,nan,nan,tensor(0.0022),nan,1e-06
11,511,14.867417097091675,0.40865030884742737,nan,nan,tensor(0.0022),nan,1e-06
11,512,14.894482135772705,0.2949811518192291,nan,nan,tensor(0.0022),nan,1e-06
11,513,14.92197871208191,0.35414665937423706,nan,nan,tensor(0.0022),nan,1e-06
11,514,14.948748350143433,0.27462267875671387,nan,nan,tensor(0.0022),nan,1e-06
11,515,14.976218223571777,0.293672651052475,nan,nan,tensor(0.0022),nan,1e-06
11,516,15.002534627914429,0.24024543166160583,nan,nan,tensor(0.0022),nan,1e-06
11,517,15.030451774597168,0.21986545622348785,nan,nan,tensor(0.0022),nan,1e-06
11,518,15.21248722076416,0.3085401654243469,0.2826946146310644,0.38853499984741213,tensor(0.0022),tensor(0.0022),1e-06
12,519,15.238953351974487,0.3532281816005707,nan,nan,tensor(0.0022),nan,1e-06
12,520,15.266529560089111,0.34466612339019775,nan,nan,tensor(0.0022),nan,1e-06
12,521,15.29390573501587,0.26044583320617676,nan,nan,tensor(0.0022),nan,1e-06
12,522,15.323564052581787,0.26647114753723145,nan,nan,tensor(0.0022),nan,1e-06
12,523,15.346223831176758,0.31792017817497253,nan,nan,tensor(0.0022),nan,1e-06
12,524,15.368626117706299,0.36120089888572693,nan,nan,tensor(0.0022),nan,1e-06
12,525,15.393095254898071,0.26655900478363037,nan,nan,tensor(0.0022),nan,1e-06
12,526,15.415377616882324,0.2396286129951477,nan,nan,tensor(0.0022),nan,1e-06
12,527,15.437689065933228,0.3763295114040375,nan,nan,tensor(0.0022),nan,1e-06
12,528,15.460194826126099,0.2967584729194641,nan,nan,tensor(0.0022),nan,1e-06
12,529,15.48278522491455,0.2001054584980011,nan,nan,tensor(0.0022),nan,1e-06
12,530,15.504638195037842,0.3416343033313751,nan,nan,tensor(0.0022),nan,1e-06
12,531,15.526482820510864,0.31279006600379944,nan,nan,tensor(0.0022),nan,1e-06
12,532,15.550123929977417,0.23824505507946014,nan,nan,tensor(0.0022),nan,1e-06
12,533,15.574968814849854,0.32234305143356323,nan,nan,tensor(0.0022),nan,1e-06
12,534,15.598501205444336,0.27130550146102905,nan,nan,tensor(0.0022),nan,1e-06
12,535,15.622915267944336,0.3805426359176636,nan,nan,tensor(0.0022),nan,1e-06
12,536,15.648087739944458,0.33883535861968994,nan,nan,tensor(0.0022),nan,1e-06
12,537,15.673953294754028,0.24587653577327728,nan,nan,tensor(0.0022),nan,1e-06
12,538,15.699403285980225,0.21310284733772278,nan,nan,tensor(0.0022),nan,1e-06
12,539,15.72651982307434,0.2611919939517975,nan,nan,tensor(0.0022),nan,1e-06
12,540,15.751498460769653,0.1905992031097412,nan,nan,tensor(0.0022),nan,1e-06
12,541,15.776945114135742,0.266401082277298,nan,nan,tensor(0.0022),nan,1e-06
12,542,15.803346872329712,0.30774280428886414,nan,nan,tensor(0.0022),nan,1e-06
12,543,15.829468250274658,0.23871415853500366,nan,nan,tensor(0.0022),nan,1e-06
12,544,15.854428052902222,0.3078799247741699,nan,nan,tensor(0.0022),nan,1e-06
12,545,15.880314826965332,0.29920414090156555,nan,nan,tensor(0.0022),nan,1e-06
12,546,15.905593872070312,0.2361123412847519,nan,nan,tensor(0.0022),nan,1e-06
12,547,15.931812524795532,0.1951778084039688,nan,nan,tensor(0.0022),nan,1e-06
12,548,15.958343744277954,0.3955153226852417,nan,nan,tensor(0.0022),nan,1e-06
12,549,15.987439632415771,0.20487062633037567,nan,nan,tensor(0.0022),nan,1e-06
12,550,16.01518750190735,0.27064698934555054,nan,nan,tensor(0.0022),nan,1e-06
12,551,16.044079780578613,0.34419775009155273,nan,nan,tensor(0.0022),nan,1e-06
12,552,16.072253942489624,0.23034247756004333,nan,nan,tensor(0.0022),nan,1e-06
12,553,16.10103440284729,0.29082754254341125,nan,nan,tensor(0.0022),nan,1e-06
12,554,16.129318475723267,0.165718212723732,nan,nan,tensor(0.0022),nan,1e-06
12,555,16.15796995162964,0.3169548809528351,nan,nan,tensor(0.0022),nan,1e-06
12,556,16.185805559158325,0.30057308077812195,nan,nan,tensor(0.0022),nan,1e-06
12,557,16.214707612991333,0.23914384841918945,nan,nan,tensor(0.0022),nan,1e-06
12,558,16.24281096458435,0.27901583909988403,nan,nan,tensor(0.0022),nan,1e-06
12,559,16.268707275390625,0.2688097357749939,nan,nan,tensor(0.0022),nan,1e-06
12,560,16.293856859207153,0.1900734305381775,nan,nan,tensor(0.0022),nan,1e-06
12,561,16.319905996322632,0.28366827964782715,nan,nan,tensor(0.0022),nan,1e-06
12,562,16.349940061569214,0.23561081290245056,nan,nan,tensor(0.0022),nan,1e-06
12,563,16.375661611557007,0.25437620282173157,nan,nan,tensor(0.0022),nan,1e-06
12,564,16.399924993515015,0.21730801463127136,nan,nan,tensor(0.0022),nan,1e-06
12,565,16.582852602005005,0.2543005049228668,0.2764460805882799,0.3856702537536621,tensor(0.0022),tensor(0.0022),1e-06
13,566,16.606027841567993,0.3541402816772461,nan,nan,tensor(0.0022),nan,1e-06
13,567,16.631738424301147,0.3156677484512329,nan,nan,tensor(0.0022),nan,1e-06
13,568,16.65752124786377,0.18212053179740906,nan,nan,tensor(0.0022),nan,1e-06
13,569,16.682337760925293,0.3845941722393036,nan,nan,tensor(0.0022),nan,1e-06
13,570,16.707993030548096,0.34394118189811707,nan,nan,tensor(0.0022),nan,1e-06
13,571,16.7333242893219,0.2630140781402588,nan,nan,tensor(0.0022),nan,1e-06
13,572,16.760685205459595,0.4828460216522217,nan,nan,tensor(0.0022),nan,1e-06
13,573,16.788918256759644,0.3752661943435669,nan,nan,tensor(0.0022),nan,1e-06
13,574,16.81457781791687,0.27325066924095154,nan,nan,tensor(0.0022),nan,1e-06
13,575,16.83811664581299,0.312549352645874,nan,nan,tensor(0.0022),nan,1e-06
13,576,16.86391305923462,0.23553264141082764,nan,nan,tensor(0.0022),nan,1e-06
13,577,16.88948965072632,0.3028366267681122,nan,nan,tensor(0.0022),nan,1e-06
13,578,16.921308517456055,0.2615967392921448,nan,nan,tensor(0.0022),nan,1e-06
13,579,16.94524359703064,0.2050461322069168,nan,nan,tensor(0.0022),nan,1e-06
13,580,16.97797966003418,0.2833489775657654,nan,nan,tensor(0.0022),nan,1e-06
13,581,17.003607988357544,0.24024339020252228,nan,nan,tensor(0.0022),nan,1e-06
13,582,17.029326677322388,0.2695261538028717,nan,nan,tensor(0.0022),nan,1e-06
13,583,17.055660247802734,0.21883143484592438,nan,nan,tensor(0.0022),nan,1e-06
13,584,17.081403493881226,0.23783326148986816,nan,nan,tensor(0.0022),nan,1e-06
13,585,17.10721755027771,0.2360638678073883,nan,nan,tensor(0.0022),nan,1e-06
13,586,17.13292670249939,0.299023300409317,nan,nan,tensor(0.0022),nan,1e-06
13,587,17.15896487236023,0.224326491355896,nan,nan,tensor(0.0022),nan,1e-06
13,588,17.184149742126465,0.24727702140808105,nan,nan,tensor(0.0022),nan,1e-06
13,589,17.210752487182617,0.19348770380020142,nan,nan,tensor(0.0022),nan,1e-06
13,590,17.236774444580078,0.24317720532417297,nan,nan,tensor(0.0022),nan,1e-06
13,591,17.2619047164917,0.2081095576286316,nan,nan,tensor(0.0022),nan,1e-06
13,592,17.28813147544861,0.3471139073371887,nan,nan,tensor(0.0022),nan,1e-06
13,593,17.31775426864624,0.2196042835712433,nan,nan,tensor(0.0022),nan,1e-06
13,594,17.34378170967102,0.29029902815818787,nan,nan,tensor(0.0022),nan,1e-06
13,595,17.37254810333252,0.2660229206085205,nan,nan,tensor(0.0022),nan,1e-06
13,596,17.400991916656494,0.27669137716293335,nan,nan,tensor(0.0022),nan,1e-06
13,597,17.42839241027832,0.31069889664649963,nan,nan,tensor(0.0022),nan,1e-06
13,598,17.457763671875,0.24588921666145325,nan,nan,tensor(0.0022),nan,1e-06
13,599,17.48544478416443,0.230439692735672,nan,nan,tensor(0.0022),nan,1e-06
13,600,17.51377582550049,0.3004356920719147,nan,nan,tensor(0.0022),nan,1e-06
13,601,17.54158616065979,0.2592791020870209,nan,nan,tensor(0.0022),nan,1e-06
13,602,17.570232391357422,0.3222281038761139,nan,nan,tensor(0.0022),nan,1e-06
13,603,17.598083019256592,0.20285926759243011,nan,nan,tensor(0.0022),nan,1e-06
13,604,17.62651562690735,0.1618693470954895,nan,nan,tensor(0.0022),nan,1e-06
13,605,17.65440845489502,0.27265870571136475,nan,nan,tensor(0.0022),nan,1e-06
13,606,17.683234691619873,0.32614225149154663,nan,nan,tensor(0.0022),nan,1e-06
13,607,17.71227502822876,0.14367473125457764,nan,nan,tensor(0.0022),nan,1e-06
13,608,17.741915941238403,0.21459481120109558,nan,nan,tensor(0.0022),nan,1e-06
13,609,17.77043890953064,0.22941848635673523,nan,nan,tensor(0.0022),nan,1e-06
13,610,17.799492120742798,0.39143943786621094,nan,nan,tensor(0.0022),nan,1e-06
13,611,17.82804822921753,0.21234996616840363,nan,nan,tensor(0.0022),nan,1e-06
13,612,18.014071941375732,0.33762380480766296,0.2713826333588742,0.3810909652709961,tensor(0.0022),tensor(0.0022),1e-06
14,613,18.03952121734619,0.24409496784210205,nan,nan,tensor(0.0022),nan,1e-06
14,614,18.068500757217407,0.24618080258369446,nan,nan,tensor(0.0022),nan,1e-06
14,615,18.097517251968384,0.2597871422767639,nan,nan,tensor(0.0022),nan,1e-06
14,616,18.126920461654663,0.33345261216163635,nan,nan,tensor(0.0022),nan,1e-06
14,617,18.154792547225952,0.256076455116272,nan,nan,tensor(0.0022),nan,1e-06
14,618,18.17981505393982,0.1944154053926468,nan,nan,tensor(0.0022),nan,1e-06
14,619,18.20808506011963,0.30826306343078613,nan,nan,tensor(0.0022),nan,1e-06
14,620,18.239400148391724,0.2579609453678131,nan,nan,tensor(0.0022),nan,1e-06
14,621,18.266687393188477,0.33665305376052856,nan,nan,tensor(0.0022),nan,1e-06
14,622,18.2915678024292,0.34798064827919006,nan,nan,tensor(0.0022),nan,1e-06
14,623,18.319746255874634,0.37570449709892273,nan,nan,tensor(0.0022),nan,1e-06
14,624,18.344685792922974,0.3313019573688507,nan,nan,tensor(0.0021),nan,1e-06
14,625,18.372551441192627,0.24915669858455658,nan,nan,tensor(0.0021),nan,1e-06
14,626,18.39778733253479,0.2203713357448578,nan,nan,tensor(0.0021),nan,1e-06
14,627,18.422521591186523,0.1983904093503952,nan,nan,tensor(0.0021),nan,1e-06
14,628,18.447208166122437,0.25697454810142517,nan,nan,tensor(0.0021),nan,1e-06
14,629,18.47203254699707,0.2928606867790222,nan,nan,tensor(0.0021),nan,1e-06
14,630,18.496070861816406,0.3339748680591583,nan,nan,tensor(0.0021),nan,1e-06
14,631,18.520917654037476,0.3921540379524231,nan,nan,tensor(0.0021),nan,1e-06
14,632,18.545506954193115,0.3085409700870514,nan,nan,tensor(0.0021),nan,1e-06
14,633,18.57013988494873,0.3679013252258301,nan,nan,tensor(0.0021),nan,1e-06
14,634,18.594738006591797,0.23683826625347137,nan,nan,tensor(0.0021),nan,1e-06
14,635,18.61954641342163,0.19381022453308105,nan,nan,tensor(0.0021),nan,1e-06
14,636,18.644503116607666,0.21086804568767548,nan,nan,tensor(0.0021),nan,1e-06
14,637,18.670429706573486,0.25756150484085083,nan,nan,tensor(0.0021),nan,1e-06
14,638,18.700084924697876,0.20674298703670502,nan,nan,tensor(0.0021),nan,1e-06
14,639,18.726689338684082,0.21745367348194122,nan,nan,tensor(0.0021),nan,1e-06
14,640,18.75322198867798,0.2168983817100525,nan,nan,tensor(0.0021),nan,1e-06
14,641,18.77777075767517,0.2297097146511078,nan,nan,tensor(0.0021),nan,1e-06
14,642,18.81266450881958,0.1925872564315796,nan,nan,tensor(0.0021),nan,1e-06
14,643,18.838913440704346,0.22351153194904327,nan,nan,tensor(0.0021),nan,1e-06
14,644,18.86594843864441,0.3604293167591095,nan,nan,tensor(0.0021),nan,1e-06
14,645,18.891337633132935,0.4035264253616333,nan,nan,tensor(0.0021),nan,1e-06
14,646,18.917864084243774,0.22358623147010803,nan,nan,tensor(0.0021),nan,1e-06
14,647,18.942912578582764,0.4322909414768219,nan,nan,tensor(0.0021),nan,1e-06
14,648,18.969449758529663,0.191074937582016,nan,nan,tensor(0.0021),nan,1e-06
14,649,18.995453357696533,0.2174084484577179,nan,nan,tensor(0.0021),nan,1e-06
14,650,19.021157026290894,0.24197354912757874,nan,nan,tensor(0.0021),nan,1e-06
14,651,19.045966148376465,0.23148539662361145,nan,nan,tensor(0.0021),nan,1e-06
14,652,19.07435894012451,0.23221293091773987,nan,nan,tensor(0.0021),nan,1e-06
14,653,19.10158896446228,0.23179447650909424,nan,nan,tensor(0.0021),nan,1e-06
14,654,19.130019903182983,0.22458627820014954,nan,nan,tensor(0.0021),nan,1e-06
14,655,19.156301021575928,0.264884889125824,nan,nan,tensor(0.0021),nan,1e-06
14,656,19.184513568878174,0.25420939922332764,nan,nan,tensor(0.0021),nan,1e-06
14,657,19.211134910583496,0.17471638321876526,nan,nan,tensor(0.0021),nan,1e-06
14,658,19.239441871643066,0.2154674232006073,nan,nan,tensor(0.0021),nan,1e-06
14,659,19.423980712890625,0.2905050814151764,0.2657091516129514,0.38074200439453126,tensor(0.0021),tensor(0.0021),1e-06
15,660,19.449193239212036,0.22919519245624542,nan,nan,tensor(0.0021),nan,1e-06
15,661,19.47594976425171,0.17745175957679749,nan,nan,tensor(0.0021),nan,1e-06
15,662,19.499053239822388,0.26077160239219666,nan,nan,tensor(0.0021),nan,1e-06
15,663,19.524325132369995,0.3610820472240448,nan,nan,tensor(0.0021),nan,1e-06
15,664,19.547316789627075,0.3215126693248749,nan,nan,tensor(0.0021),nan,1e-06
15,665,19.57105779647827,0.3106999099254608,nan,nan,tensor(0.0021),nan,1e-06
15,666,19.594186067581177,0.22784331440925598,nan,nan,tensor(0.0021),nan,1e-06
15,667,19.618016004562378,0.44485098123550415,nan,nan,tensor(0.0021),nan,1e-06
15,668,19.64246392250061,0.13207657635211945,nan,nan,tensor(0.0021),nan,1e-06
15,669,19.665544748306274,0.22804248332977295,nan,nan,tensor(0.0021),nan,1e-06
15,670,19.689533472061157,0.3213788866996765,nan,nan,tensor(0.0021),nan,1e-06
15,671,19.713088274002075,0.18639466166496277,nan,nan,tensor(0.0021),nan,1e-06
15,672,19.73641872406006,0.386435329914093,nan,nan,tensor(0.0021),nan,1e-06
15,673,19.759527444839478,0.23798859119415283,nan,nan,tensor(0.0021),nan,1e-06
15,674,19.783753156661987,0.2870371639728546,nan,nan,tensor(0.0021),nan,1e-06
15,675,19.806923866271973,0.310315877199173,nan,nan,tensor(0.0021),nan,1e-06
15,676,19.83063268661499,0.2866135835647583,nan,nan,tensor(0.0021),nan,1e-06
15,677,19.853729724884033,0.21407060325145721,nan,nan,tensor(0.0021),nan,1e-06
15,678,19.877843379974365,0.2261432260274887,nan,nan,tensor(0.0021),nan,1e-06
15,679,19.90118432044983,0.2618083953857422,nan,nan,tensor(0.0021),nan,1e-06
15,680,19.924795866012573,0.18908560276031494,nan,nan,tensor(0.0021),nan,1e-06
15,681,19.95290732383728,0.2952333092689514,nan,nan,tensor(0.0021),nan,1e-06
15,682,19.97628879547119,0.252847284078598,nan,nan,tensor(0.0021),nan,1e-06
15,683,19.999418258666992,0.3162999153137207,nan,nan,tensor(0.0021),nan,1e-06
15,684,20.024576425552368,0.21940778195858002,nan,nan,tensor(0.0021),nan,1e-06
15,685,20.0480740070343,0.270981103181839,nan,nan,tensor(0.0021),nan,1e-06
15,686,20.071191549301147,0.260809063911438,nan,nan,tensor(0.0021),nan,1e-06
15,687,20.09429097175598,0.29725587368011475,nan,nan,tensor(0.0021),nan,1e-06
15,688,20.11757493019104,0.21622897684574127,nan,nan,tensor(0.0021),nan,1e-06
15,689,20.142968893051147,0.19742083549499512,nan,nan,tensor(0.0021),nan,1e-06
15,690,20.166362762451172,0.2992219924926758,nan,nan,tensor(0.0021),nan,1e-06
15,691,20.190425395965576,0.21415995061397552,nan,nan,tensor(0.0021),nan,1e-06
15,692,20.214303016662598,0.18761283159255981,nan,nan,tensor(0.0021),nan,1e-06
15,693,20.23802375793457,0.25230810046195984,nan,nan,tensor(0.0021),nan,1e-06
15,694,20.26205801963806,0.26009610295295715,nan,nan,tensor(0.0021),nan,1e-06
15,695,20.2893385887146,0.28410014510154724,nan,nan,tensor(0.0021),nan,1e-06
15,696,20.3182270526886,0.2146887183189392,nan,nan,tensor(0.0021),nan,1e-06
15,697,20.345348358154297,0.22228093445301056,nan,nan,tensor(0.0021),nan,1e-06
15,698,20.37224006652832,0.34065741300582886,nan,nan,tensor(0.0021),nan,1e-06
15,699,20.400410413742065,0.2441428303718567,nan,nan,tensor(0.0021),nan,1e-06
15,700,20.429790019989014,0.22717219591140747,nan,nan,tensor(0.0021),nan,1e-06
15,701,20.457356691360474,0.25928083062171936,nan,nan,tensor(0.0021),nan,1e-06
15,702,20.484697580337524,0.2878357172012329,nan,nan,tensor(0.0021),nan,1e-06
15,703,20.513323545455933,0.2949913740158081,nan,nan,tensor(0.0021),nan,1e-06
15,704,20.540350198745728,0.28904157876968384,nan,nan,tensor(0.0021),nan,1e-06
15,705,20.56919288635254,0.270537793636322,nan,nan,tensor(0.0021),nan,1e-06
15,706,20.749974966049194,0.2094423919916153,0.26137986176825584,0.37758955001831057,tensor(0.0021),tensor(0.0021),1e-06
16,707,20.775455236434937,0.20355424284934998,nan,nan,tensor(0.0021),nan,1e-06
16,708,20.806896924972534,0.2228000909090042,nan,nan,tensor(0.0021),nan,1e-06
16,709,20.835033178329468,0.33302754163742065,nan,nan,tensor(0.0021),nan,1e-06
16,710,20.86367177963257,0.2786558270454407,nan,nan,tensor(0.0021),nan,1e-06
16,711,20.892584323883057,0.24628904461860657,nan,nan,tensor(0.0021),nan,1e-06
16,712,20.921658277511597,0.2507323622703552,nan,nan,tensor(0.0021),nan,1e-06
16,713,20.950546264648438,0.15246185660362244,nan,nan,tensor(0.0021),nan,1e-06
16,714,20.98007822036743,0.19278499484062195,nan,nan,tensor(0.0021),nan,1e-06
16,715,21.00917911529541,0.35814380645751953,nan,nan,tensor(0.0021),nan,1e-06
16,716,21.03687310218811,0.3745383024215698,nan,nan,tensor(0.0021),nan,1e-06
16,717,21.065871238708496,0.2461276352405548,nan,nan,tensor(0.0021),nan,1e-06
16,718,21.09367275238037,0.286969929933548,nan,nan,tensor(0.0021),nan,1e-06
16,719,21.12248682975769,0.45332545042037964,nan,nan,tensor(0.0021),nan,1e-06
16,720,21.150288820266724,0.27078133821487427,nan,nan,tensor(0.0021),nan,1e-06
16,721,21.17872905731201,0.23157376050949097,nan,nan,tensor(0.0021),nan,1e-06
16,722,21.2069091796875,0.2317284345626831,nan,nan,tensor(0.0021),nan,1e-06
16,723,21.23600697517395,0.2555025815963745,nan,nan,tensor(0.0021),nan,1e-06
16,724,21.265019178390503,0.19418853521347046,nan,nan,tensor(0.0021),nan,1e-06
16,725,21.293721914291382,0.280588299036026,nan,nan,tensor(0.0021),nan,1e-06
16,726,21.318554401397705,0.22069276869297028,nan,nan,tensor(0.0021),nan,1e-06
16,727,21.34777021408081,0.17807362973690033,nan,nan,tensor(0.0021),nan,1e-06
16,728,21.37394428253174,0.1874302327632904,nan,nan,tensor(0.0021),nan,1e-06
16,729,21.39915370941162,0.21167156100273132,nan,nan,tensor(0.0021),nan,1e-06
16,730,21.422775983810425,0.2584397792816162,nan,nan,tensor(0.0021),nan,1e-06
16,731,21.447930335998535,0.16305726766586304,nan,nan,tensor(0.0021),nan,1e-06
16,732,21.47262954711914,0.2600565552711487,nan,nan,tensor(0.0021),nan,1e-06
16,733,21.49790930747986,0.33442527055740356,nan,nan,tensor(0.0021),nan,1e-06
16,734,21.522279977798462,0.30223599076271057,nan,nan,tensor(0.0021),nan,1e-06
16,735,21.54737114906311,0.3276943862438202,nan,nan,tensor(0.0021),nan,1e-06
16,736,21.571584224700928,0.2236318588256836,nan,nan,tensor(0.0021),nan,1e-06
16,737,21.59626293182373,0.3271281123161316,nan,nan,tensor(0.0021),nan,1e-06
16,738,21.620341539382935,0.24391552805900574,nan,nan,tensor(0.0021),nan,1e-06
16,739,21.64629101753235,0.17336216568946838,nan,nan,tensor(0.0021),nan,1e-06
16,740,21.67146921157837,0.2826244831085205,nan,nan,tensor(0.0021),nan,1e-06
16,741,21.697319507598877,0.2674216032028198,nan,nan,tensor(0.0021),nan,1e-06
16,742,21.721747636795044,0.29962292313575745,nan,nan,tensor(0.0021),nan,1e-06
16,743,21.7477707862854,0.34245073795318604,nan,nan,tensor(0.0021),nan,1e-06
16,744,21.7734477519989,0.2714253067970276,nan,nan,tensor(0.0021),nan,1e-06
16,745,21.801792860031128,0.26366889476776123,nan,nan,tensor(0.0021),nan,1e-06
16,746,21.827595710754395,0.29791682958602905,nan,nan,tensor(0.0021),nan,1e-06
16,747,21.852932929992676,0.2669411599636078,nan,nan,tensor(0.0021),nan,1e-06
16,748,21.879206895828247,0.14745211601257324,nan,nan,tensor(0.0021),nan,1e-06
16,749,21.904528617858887,0.32747623324394226,nan,nan,tensor(0.0021),nan,1e-06
16,750,21.930975437164307,0.2335018366575241,nan,nan,tensor(0.0021),nan,1e-06
16,751,21.95924663543701,0.16845735907554626,nan,nan,tensor(0.0021),nan,1e-06
16,752,21.985389709472656,0.2128155529499054,nan,nan,tensor(0.0021),nan,1e-06
16,753,22.17400884628296,0.21245039999485016,0.2568045654829512,0.3769972686767578,tensor(0.0021),tensor(0.0021),1e-06
17,754,22.198002099990845,0.15427646040916443,nan,nan,tensor(0.0021),nan,1e-06
17,755,22.227184534072876,0.42088913917541504,nan,nan,tensor(0.0021),nan,1e-06
17,756,22.256121397018433,0.24575380980968475,nan,nan,tensor(0.0021),nan,1e-06
17,757,22.28498363494873,0.27070528268814087,nan,nan,tensor(0.0021),nan,1e-06
17,758,22.31388831138611,0.20234833657741547,nan,nan,tensor(0.0021),nan,1e-06
17,759,22.34191060066223,0.24964749813079834,nan,nan,tensor(0.0021),nan,1e-06
17,760,22.36973786354065,0.18644773960113525,nan,nan,tensor(0.0021),nan,1e-06
17,761,22.40081810951233,0.29593396186828613,nan,nan,tensor(0.0021),nan,1e-06
17,762,22.428287744522095,0.216696634888649,nan,nan,tensor(0.0021),nan,1e-06
17,763,22.456711053848267,0.21240225434303284,nan,nan,tensor(0.0021),nan,1e-06
17,764,22.48323678970337,0.1869458556175232,nan,nan,tensor(0.0021),nan,1e-06
17,765,22.508699655532837,0.25992533564567566,nan,nan,tensor(0.0021),nan,1e-06
17,766,22.533047437667847,0.23931936919689178,nan,nan,tensor(0.0021),nan,1e-06
17,767,22.558737993240356,0.19565878808498383,nan,nan,tensor(0.0021),nan,1e-06
17,768,22.581666946411133,0.21496300399303436,nan,nan,tensor(0.0021),nan,1e-06
17,769,22.614692449569702,0.2628977298736572,nan,nan,tensor(0.0021),nan,1e-06
17,770,22.638845920562744,0.2084791362285614,nan,nan,tensor(0.0021),nan,1e-06
17,771,22.664252042770386,0.2892568111419678,nan,nan,tensor(0.0021),nan,1e-06
17,772,22.687963247299194,0.21496015787124634,nan,nan,tensor(0.0021),nan,1e-06
17,773,22.71396541595459,0.22743646800518036,nan,nan,tensor(0.0021),nan,1e-06
17,774,22.7375226020813,0.22441837191581726,nan,nan,tensor(0.0021),nan,1e-06
17,775,22.76373553276062,0.146980881690979,nan,nan,tensor(0.0021),nan,1e-06
17,776,22.792745113372803,0.24810419976711273,nan,nan,tensor(0.0021),nan,1e-06
17,777,22.81855058670044,0.2654600739479065,nan,nan,tensor(0.0021),nan,1e-06
17,778,22.84326457977295,0.2011161744594574,nan,nan,tensor(0.0021),nan,1e-06
17,779,22.869498014450073,0.2748938202857971,nan,nan,tensor(0.0021),nan,1e-06
17,780,22.896199703216553,0.2238849401473999,nan,nan,tensor(0.0021),nan,1e-06
17,781,22.923566102981567,0.3009353578090668,nan,nan,tensor(0.0021),nan,1e-06
17,782,22.95017409324646,0.29119980335235596,nan,nan,tensor(0.0021),nan,1e-06
17,783,22.976189374923706,0.2875359058380127,nan,nan,tensor(0.0021),nan,1e-06
17,784,23.00136947631836,0.24880871176719666,nan,nan,tensor(0.0021),nan,1e-06
17,785,23.027568817138672,0.2803491950035095,nan,nan,tensor(0.0021),nan,1e-06
17,786,23.05376672744751,0.18907774984836578,nan,nan,tensor(0.0021),nan,1e-06
17,787,23.079721927642822,0.3188193440437317,nan,nan,tensor(0.0021),nan,1e-06
17,788,23.1054744720459,0.2530462145805359,nan,nan,tensor(0.0021),nan,1e-06
17,789,23.12877655029297,0.3495001196861267,nan,nan,tensor(0.0021),nan,1e-06
17,790,23.1566743850708,0.24852918088436127,nan,nan,tensor(0.0021),nan,1e-06
17,791,23.18378710746765,0.33572810888290405,nan,nan,tensor(0.0021),nan,1e-06
17,792,23.21150517463684,0.17609193921089172,nan,nan,tensor(0.0021),nan,1e-06
17,793,23.238913774490356,0.2970975637435913,nan,nan,tensor(0.0021),nan,1e-06
17,794,23.266722440719604,0.2670067548751831,nan,nan,tensor(0.0021),nan,1e-06
17,795,23.295759916305542,0.26642006635665894,nan,nan,tensor(0.0021),nan,1e-06
17,796,23.324846982955933,0.2546886205673218,nan,nan,tensor(0.0021),nan,1e-06
17,797,23.35371422767639,0.35843583941459656,nan,nan,tensor(0.0021),nan,1e-06
17,798,23.380927562713623,0.3499912917613983,nan,nan,tensor(0.0021),nan,1e-06
17,799,23.407492876052856,0.26801812648773193,nan,nan,tensor(0.0021),nan,1e-06
17,800,23.59017276763916,0.2229207307100296,0.25327665659975496,0.37323827743530275,tensor(0.0021),tensor(0.0021),1e-06
18,801,23.61643362045288,0.19745051860809326,nan,nan,tensor(0.0021),nan,1e-06
18,802,23.643661737442017,0.25127291679382324,nan,nan,tensor(0.0021),nan,1e-06
18,803,23.67079758644104,0.27452993392944336,nan,nan,tensor(0.0021),nan,1e-06
18,804,23.69830322265625,0.14702822268009186,nan,nan,tensor(0.0021),nan,1e-06
18,805,23.7254798412323,0.23380956053733826,nan,nan,tensor(0.0021),nan,1e-06
18,806,23.753573417663574,0.25732195377349854,nan,nan,tensor(0.0021),nan,1e-06
18,807,23.78096580505371,0.23842927813529968,nan,nan,tensor(0.0021),nan,1e-06
18,808,23.808671712875366,0.22404725849628448,nan,nan,tensor(0.0021),nan,1e-06
18,809,23.842848300933838,0.2527552545070648,nan,nan,tensor(0.0021),nan,1e-06
18,810,23.87014603614807,0.34931251406669617,nan,nan,tensor(0.0021),nan,1e-06
18,811,23.89740800857544,0.24530860781669617,nan,nan,tensor(0.0021),nan,1e-06
18,812,23.924952507019043,0.2237575352191925,nan,nan,tensor(0.0021),nan,1e-06
18,813,23.95680022239685,0.1293187141418457,nan,nan,tensor(0.0021),nan,1e-06
18,814,23.983752250671387,0.18518882989883423,nan,nan,tensor(0.0021),nan,1e-06
18,815,24.016960620880127,0.20586930215358734,nan,nan,tensor(0.0021),nan,1e-06
18,816,24.044928312301636,0.2737846374511719,nan,nan,tensor(0.0021),nan,1e-06
18,817,24.071889638900757,0.2788727581501007,nan,nan,tensor(0.0021),nan,1e-06
18,818,24.0988872051239,0.3296355903148651,nan,nan,tensor(0.0021),nan,1e-06
18,819,24.127561569213867,0.16736671328544617,nan,nan,tensor(0.0021),nan,1e-06
18,820,24.156357288360596,0.2712665796279907,nan,nan,tensor(0.0021),nan,1e-06
18,821,24.1843523979187,0.2706816792488098,nan,nan,tensor(0.0021),nan,1e-06
18,822,24.21299409866333,0.24860642850399017,nan,nan,tensor(0.0021),nan,1e-06
18,823,24.239687204360962,0.2541491389274597,nan,nan,tensor(0.0021),nan,1e-06
18,824,24.26831340789795,0.3237292766571045,nan,nan,tensor(0.0021),nan,1e-06
18,825,24.29789447784424,0.207217738032341,nan,nan,tensor(0.0021),nan,1e-06
18,826,24.325437545776367,0.2250296175479889,nan,nan,tensor(0.0021),nan,1e-06
18,827,24.354272842407227,0.350297749042511,nan,nan,tensor(0.0021),nan,1e-06
18,828,24.381060123443604,0.1833188831806183,nan,nan,tensor(0.0021),nan,1e-06
18,829,24.409519910812378,0.2310459017753601,nan,nan,tensor(0.0021),nan,1e-06
18,830,24.437092304229736,0.21607446670532227,nan,nan,tensor(0.0021),nan,1e-06
18,831,24.466156721115112,0.18690025806427002,nan,nan,tensor(0.0021),nan,1e-06
18,832,24.489089965820312,0.20950987935066223,nan,nan,tensor(0.0021),nan,1e-06
18,833,24.514333963394165,0.3119039237499237,nan,nan,tensor(0.0021),nan,1e-06
18,834,24.53965973854065,0.24321845173835754,nan,nan,tensor(0.0021),nan,1e-06
18,835,24.564940214157104,0.21603092551231384,nan,nan,tensor(0.0021),nan,1e-06
18,836,24.589496850967407,0.27337825298309326,nan,nan,tensor(0.0021),nan,1e-06
18,837,24.61283802986145,0.26195332407951355,nan,nan,tensor(0.0021),nan,1e-06
18,838,24.638070821762085,0.4376937448978424,nan,nan,tensor(0.0021),nan,1e-06
18,839,24.663923978805542,0.2443452924489975,nan,nan,tensor(0.0021),nan,1e-06
18,840,24.68988275527954,0.2502926290035248,nan,nan,tensor(0.0021),nan,1e-06
18,841,24.717243194580078,0.15081629157066345,nan,nan,tensor(0.0021),nan,1e-06
18,842,24.742302179336548,0.35696670413017273,nan,nan,tensor(0.0021),nan,1e-06
18,843,24.76977777481079,0.2822120189666748,nan,nan,tensor(0.0021),nan,1e-06
18,844,24.79829239845276,0.27572184801101685,nan,nan,tensor(0.0021),nan,1e-06
18,845,24.823758363723755,0.2765432596206665,nan,nan,tensor(0.0021),nan,1e-06
18,846,24.849709272384644,0.18579179048538208,nan,nan,tensor(0.0021),nan,1e-06
18,847,25.039584398269653,0.3311895728111267,0.24980735588581005,0.3729393501281738,tensor(0.0021),tensor(0.0021),1e-06
19,848,25.063026428222656,0.14606909453868866,nan,nan,tensor(0.0021),nan,1e-06
19,849,25.0888991355896,0.35404497385025024,nan,nan,tensor(0.0021),nan,1e-06
19,850,25.11366319656372,0.278339147567749,nan,nan,tensor(0.0021),nan,1e-06
19,851,25.139622449874878,0.16718298196792603,nan,nan,tensor(0.0021),nan,1e-06
19,852,25.16537570953369,0.2600318491458893,nan,nan,tensor(0.0021),nan,1e-06
19,853,25.192034482955933,0.2350447028875351,nan,nan,tensor(0.0021),nan,1e-06
19,854,25.217588663101196,0.18650305271148682,nan,nan,tensor(0.0021),nan,1e-06
19,855,25.243862867355347,0.24383361637592316,nan,nan,tensor(0.0021),nan,1e-06
19,856,25.270246505737305,0.21029973030090332,nan,nan,tensor(0.0021),nan,1e-06
19,857,25.296390533447266,0.3161451816558838,nan,nan,tensor(0.0021),nan,1e-06
19,858,25.32578754425049,0.18511256575584412,nan,nan,tensor(0.0021),nan,1e-06
19,859,25.355624198913574,0.20143015682697296,nan,nan,tensor(0.0021),nan,1e-06
19,860,25.384350776672363,0.24700230360031128,nan,nan,tensor(0.0021),nan,1e-06
19,861,25.413626432418823,0.28534573316574097,nan,nan,tensor(0.0021),nan,1e-06
19,862,25.44272017478943,0.3915255665779114,nan,nan,tensor(0.0021),nan,1e-06
19,863,25.471365928649902,0.22392959892749786,nan,nan,tensor(0.0021),nan,1e-06
19,864,25.50044822692871,0.3922906517982483,nan,nan,tensor(0.0021),nan,1e-06
19,865,25.529355764389038,0.2472052425146103,nan,nan,tensor(0.0021),nan,1e-06
19,866,25.558239221572876,0.19450879096984863,nan,nan,tensor(0.0021),nan,1e-06
19,867,25.58631682395935,0.22605428099632263,nan,nan,tensor(0.0021),nan,1e-06
19,868,25.61228847503662,0.25590646266937256,nan,nan,tensor(0.0021),nan,1e-06
19,869,25.63789129257202,0.20174679160118103,nan,nan,tensor(0.0021),nan,1e-06
19,870,25.6633198261261,0.21901105344295502,nan,nan,tensor(0.0021),nan,1e-06
19,871,25.689282178878784,0.24435673654079437,nan,nan,tensor(0.0021),nan,1e-06
19,872,25.714568376541138,0.3642834424972534,nan,nan,tensor(0.0021),nan,1e-06
19,873,25.740939140319824,0.14199861884117126,nan,nan,tensor(0.0021),nan,1e-06
19,874,25.765799522399902,0.23544126749038696,nan,nan,tensor(0.0021),nan,1e-06
19,875,25.792322635650635,0.23436209559440613,nan,nan,tensor(0.0021),nan,1e-06
19,876,25.818445920944214,0.23341205716133118,nan,nan,tensor(0.0021),nan,1e-06
19,877,25.844345569610596,0.24380752444267273,nan,nan,tensor(0.0021),nan,1e-06
19,878,25.868382453918457,0.1566075086593628,nan,nan,tensor(0.0021),nan,1e-06
19,879,25.894566535949707,0.24043123424053192,nan,nan,tensor(0.0021),nan,1e-06
19,880,25.920604944229126,0.2359897494316101,nan,nan,tensor(0.0021),nan,1e-06
19,881,25.946439743041992,0.2824057936668396,nan,nan,tensor(0.0021),nan,1e-06
19,882,25.971888303756714,0.21235215663909912,nan,nan,tensor(0.0021),nan,1e-06
19,883,25.997657537460327,0.17669054865837097,nan,nan,tensor(0.0021),nan,1e-06
19,884,26.02279758453369,0.21134164929389954,nan,nan,tensor(0.0021),nan,1e-06
19,885,26.048896074295044,0.304662823677063,nan,nan,tensor(0.0021),nan,1e-06
19,886,26.074222564697266,0.21862556040287018,nan,nan,tensor(0.0021),nan,1e-06
19,887,26.100183963775635,0.2920812666416168,nan,nan,tensor(0.0021),nan,1e-06
19,888,26.124935626983643,0.39867886900901794,nan,nan,tensor(0.0021),nan,1e-06
19,889,26.15130043029785,0.1755843311548233,nan,nan,tensor(0.0021),nan,1e-06
19,890,26.176801681518555,0.32330983877182007,nan,nan,tensor(0.0021),nan,1e-06
19,891,26.20332360267639,0.28083905577659607,nan,nan,tensor(0.0021),nan,1e-06
19,892,26.228954792022705,0.2054898738861084,nan,nan,tensor(0.0021),nan,1e-06
19,893,26.25476908683777,0.26605623960494995,nan,nan,tensor(0.0021),nan,1e-06
19,894,26.43855309486389,0.22663095593452454,0.24625537718864196,0.3707152557373047,tensor(0.0021),tensor(0.0021),1e-06
20,895,26.46203064918518,0.2723914086818695,nan,nan,tensor(0.0021),nan,1e-06
20,896,26.48754119873047,0.20579762756824493,nan,nan,tensor(0.0021),nan,1e-06
20,897,26.513558626174927,0.21299150586128235,nan,nan,tensor(0.0021),nan,1e-06
20,898,26.53865933418274,0.1873716413974762,nan,nan,tensor(0.0021),nan,1e-06
20,899,26.564307928085327,0.3559739887714386,nan,nan,tensor(0.0021),nan,1e-06
20,900,26.5892653465271,0.38534942269325256,nan,nan,tensor(0.0021),nan,1e-06
20,901,26.615602016448975,0.25721800327301025,nan,nan,tensor(0.0021),nan,1e-06
20,902,26.641880989074707,0.17465990781784058,nan,nan,tensor(0.0021),nan,1e-06
20,903,26.66737699508667,0.16250544786453247,nan,nan,tensor(0.0021),nan,1e-06
20,904,26.69379997253418,0.3396753966808319,nan,nan,tensor(0.0021),nan,1e-06
20,905,26.719067096710205,0.2299967259168625,nan,nan,tensor(0.0021),nan,1e-06
20,906,26.74547243118286,0.30166077613830566,nan,nan,tensor(0.0021),nan,1e-06
20,907,26.773937225341797,0.2825632393360138,nan,nan,tensor(0.0021),nan,1e-06
20,908,26.808626413345337,0.1752457320690155,nan,nan,tensor(0.0021),nan,1e-06
20,909,26.84268355369568,0.18808932602405548,nan,nan,tensor(0.0021),nan,1e-06
20,910,26.871649742126465,0.2592349052429199,nan,nan,tensor(0.0021),nan,1e-06
20,911,26.90074872970581,0.1737217903137207,nan,nan,tensor(0.0021),nan,1e-06
20,912,26.929953813552856,0.2542138695716858,nan,nan,tensor(0.0021),nan,1e-06
20,913,26.962721586227417,0.22102108597755432,nan,nan,tensor(0.0021),nan,1e-06
20,914,26.991631746292114,0.20677517354488373,nan,nan,tensor(0.0021),nan,1e-06
20,915,27.020803213119507,0.16181477904319763,nan,nan,tensor(0.0021),nan,1e-06
20,916,27.0496609210968,0.13874207437038422,nan,nan,tensor(0.0021),nan,1e-06
20,917,27.079465866088867,0.23155055940151215,nan,nan,tensor(0.0021),nan,1e-06
20,918,27.10861563682556,0.2867988348007202,nan,nan,tensor(0.0021),nan,1e-06
20,919,27.13830327987671,0.1476549208164215,nan,nan,tensor(0.0021),nan,1e-06
20,920,27.16679883003235,0.17884142696857452,nan,nan,tensor(0.0021),nan,1e-06
20,921,27.195704221725464,0.23074018955230713,nan,nan,tensor(0.0021),nan,1e-06
20,922,27.223995447158813,0.2897242307662964,nan,nan,tensor(0.0021),nan,1e-06
20,923,27.249415159225464,0.2642492353916168,nan,nan,tensor(0.0021),nan,1e-06
20,924,27.27632427215576,0.29973143339157104,nan,nan,tensor(0.0021),nan,1e-06
20,925,27.3014395236969,0.25733810663223267,nan,nan,tensor(0.0021),nan,1e-06
20,926,27.32891321182251,0.1924993246793747,nan,nan,tensor(0.0021),nan,1e-06
20,927,27.35400652885437,0.33318576216697693,nan,nan,tensor(0.0021),nan,1e-06
20,928,27.382896661758423,0.3230607509613037,nan,nan,tensor(0.0021),nan,1e-06
20,929,27.408418893814087,0.21264898777008057,nan,nan,tensor(0.0021),nan,1e-06
20,930,27.436415433883667,0.2594279646873474,nan,nan,tensor(0.0021),nan,1e-06
20,931,27.46249771118164,0.16962343454360962,nan,nan,tensor(0.0021),nan,1e-06
20,932,27.491861820220947,0.2712971270084381,nan,nan,tensor(0.0021),nan,1e-06
20,933,27.517509698867798,0.2633313536643982,nan,nan,tensor(0.0021),nan,1e-06
20,934,27.54644465446472,0.22602030634880066,nan,nan,tensor(0.0021),nan,1e-06
20,935,27.57214856147766,0.24988311529159546,nan,nan,tensor(0.0021),nan,1e-06
20,936,27.59593629837036,0.30397874116897583,nan,nan,tensor(0.0021),nan,1e-06
20,937,27.620675802230835,0.2822965383529663,nan,nan,tensor(0.0021),nan,1e-06
20,938,27.645182371139526,0.1420082449913025,nan,nan,tensor(0.0021),nan,1e-06
20,939,27.670047283172607,0.2922184467315674,nan,nan,tensor(0.0021),nan,1e-06
20,940,27.693966150283813,0.38666632771492004,nan,nan,tensor(0.0021),nan,1e-06
20,941,27.877922534942627,0.15579482913017273,0.24250178768279704,0.369740119934082,tensor(0.0021),tensor(0.0021),1e-06
21,942,27.901020765304565,0.3579976558685303,nan,nan,tensor(0.0021),nan,1e-06
21,943,27.926528930664062,0.2734421491622925,nan,nan,tensor(0.0021),nan,1e-06
21,944,27.951749563217163,0.1605779230594635,nan,nan,tensor(0.0021),nan,1e-06
21,945,27.976691246032715,0.23983538150787354,nan,nan,tensor(0.0021),nan,1e-06
21,946,28.00131368637085,0.20738275349140167,nan,nan,tensor(0.0021),nan,1e-06
21,947,28.026217699050903,0.31032851338386536,nan,nan,tensor(0.0021),nan,1e-06
21,948,28.05158305168152,0.19139337539672852,nan,nan,tensor(0.0021),nan,1e-06
21,949,28.07755136489868,0.2504904866218567,nan,nan,tensor(0.0021),nan,1e-06
21,950,28.102867364883423,0.13039568066596985,nan,nan,tensor(0.0021),nan,1e-06
21,951,28.128875017166138,0.2450682520866394,nan,nan,tensor(0.0021),nan,1e-06
21,952,28.154531478881836,0.1756160408258438,nan,nan,tensor(0.0021),nan,1e-06
21,953,28.180500984191895,0.19140276312828064,nan,nan,tensor(0.0021),nan,1e-06
21,954,28.20534610748291,0.2392665594816208,nan,nan,tensor(0.0021),nan,1e-06
21,955,28.23108744621277,0.317486047744751,nan,nan,tensor(0.0021),nan,1e-06
21,956,28.255741596221924,0.14432808756828308,nan,nan,tensor(0.0021),nan,1e-06
21,957,28.281583309173584,0.3292330503463745,nan,nan,tensor(0.0021),nan,1e-06
21,958,28.306900024414062,0.23917262256145477,nan,nan,tensor(0.0021),nan,1e-06
21,959,28.332809925079346,0.19931229948997498,nan,nan,tensor(0.0021),nan,1e-06
21,960,28.358670949935913,0.11733800917863846,nan,nan,tensor(0.0021),nan,1e-06
21,961,28.387449026107788,0.2558349072933197,nan,nan,tensor(0.0021),nan,1e-06
21,962,28.416861057281494,0.24765753746032715,nan,nan,tensor(0.0021),nan,1e-06
21,963,28.446348428726196,0.18899579346179962,nan,nan,tensor(0.0021),nan,1e-06
21,964,28.47532296180725,0.267159104347229,nan,nan,tensor(0.0021),nan,1e-06
21,965,28.503093004226685,0.31822818517684937,nan,nan,tensor(0.0021),nan,1e-06
21,966,28.531809091567993,0.26708316802978516,nan,nan,tensor(0.0021),nan,1e-06
21,967,28.560697078704834,0.2350282073020935,nan,nan,tensor(0.0021),nan,1e-06
21,968,28.58977246284485,0.32122257351875305,nan,nan,tensor(0.0021),nan,1e-06
21,969,28.618546724319458,0.1930074691772461,nan,nan,tensor(0.0021),nan,1e-06
21,970,28.64741063117981,0.23871229588985443,nan,nan,tensor(0.0021),nan,1e-06
21,971,28.670934915542603,0.23817452788352966,nan,nan,tensor(0.0021),nan,1e-06
21,972,28.69429850578308,0.18188360333442688,nan,nan,tensor(0.0021),nan,1e-06
21,973,28.720722675323486,0.22718024253845215,nan,nan,tensor(0.0021),nan,1e-06
21,974,28.74515461921692,0.25271254777908325,nan,nan,tensor(0.0021),nan,1e-06
21,975,28.769431591033936,0.422007292509079,nan,nan,tensor(0.0021),nan,1e-06
21,976,28.79629373550415,0.34127622842788696,nan,nan,tensor(0.0021),nan,1e-06
21,977,28.821890592575073,0.1808130294084549,nan,nan,tensor(0.0021),nan,1e-06
21,978,28.84828233718872,0.13404375314712524,nan,nan,tensor(0.0021),nan,1e-06
21,979,28.875285148620605,0.16927480697631836,nan,nan,tensor(0.0021),nan,1e-06
21,980,28.90053677558899,0.15605080127716064,nan,nan,tensor(0.0021),nan,1e-06
21,981,28.92861771583557,0.2332160323858261,nan,nan,tensor(0.0021),nan,1e-06
21,982,28.954307317733765,0.2439769208431244,nan,nan,tensor(0.0021),nan,1e-06
21,983,28.979957580566406,0.2965753674507141,nan,nan,tensor(0.0021),nan,1e-06
21,984,29.005577325820923,0.28615495562553406,nan,nan,tensor(0.0021),nan,1e-06
21,985,29.03106999397278,0.24744471907615662,nan,nan,tensor(0.0021),nan,1e-06
21,986,29.055772304534912,0.28479981422424316,nan,nan,tensor(0.0021),nan,1e-06
21,987,29.082282304763794,0.2865530550479889,nan,nan,tensor(0.0021),nan,1e-06
21,988,29.268991708755493,0.25243502855300903,0.24016105573862156,0.3700879211425781,tensor(0.0021),tensor(0.0021),1e-06
22,989,29.292631149291992,0.2240210771560669,nan,nan,tensor(0.0021),nan,1e-06
22,990,29.318590879440308,0.1903328001499176,nan,nan,tensor(0.0021),nan,1e-06
22,991,29.343596935272217,0.23665767908096313,nan,nan,tensor(0.0021),nan,1e-06
22,992,29.369608640670776,0.2928592562675476,nan,nan,tensor(0.0021),nan,1e-06
22,993,29.394673824310303,0.20720447599887848,nan,nan,tensor(0.0021),nan,1e-06
22,994,29.420716524124146,0.32094502449035645,nan,nan,tensor(0.0021),nan,1e-06
22,995,29.445598363876343,0.28203919529914856,nan,nan,tensor(0.0021),nan,1e-06
22,996,29.471794366836548,0.13350139558315277,nan,nan,tensor(0.0021),nan,1e-06
22,997,29.497943878173828,0.18756189942359924,nan,nan,tensor(0.0021),nan,1e-06
22,998,29.523388147354126,0.18134205043315887,nan,nan,tensor(0.0021),nan,1e-06
22,999,29.54729437828064,0.19489580392837524,nan,nan,tensor(0.0021),nan,1e-06
22,1000,29.573228359222412,0.2532138228416443,nan,nan,tensor(0.0021),nan,1e-06
22,1001,29.598801851272583,0.21636980772018433,nan,nan,tensor(0.0021),nan,1e-06
22,1002,29.622391939163208,0.18750743567943573,nan,nan,tensor(0.0021),nan,1e-06
22,1003,29.647655963897705,0.31604424118995667,nan,nan,tensor(0.0021),nan,1e-06
22,1004,29.67356276512146,0.26772019267082214,nan,nan,tensor(0.0021),nan,1e-06
22,1005,29.69964075088501,0.31850528717041016,nan,nan,tensor(0.0021),nan,1e-06
22,1006,29.724437475204468,0.1735176146030426,nan,nan,tensor(0.0021),nan,1e-06
22,1007,29.751296758651733,0.20943495631217957,nan,nan,tensor(0.0021),nan,1e-06
22,1008,29.77657961845398,0.3127456307411194,nan,nan,tensor(0.0021),nan,1e-06
22,1009,29.80514144897461,0.30586889386177063,nan,nan,tensor(0.0021),nan,1e-06
22,1010,29.83025097846985,0.248855859041214,nan,nan,tensor(0.0021),nan,1e-06
22,1011,29.864474773406982,0.2271292805671692,nan,nan,tensor(0.0021),nan,1e-06
22,1012,29.890235424041748,0.18112921714782715,nan,nan,tensor(0.0021),nan,1e-06
22,1013,29.919843912124634,0.28984564542770386,nan,nan,tensor(0.0021),nan,1e-06
22,1014,29.948662042617798,0.2575295567512512,nan,nan,tensor(0.0021),nan,1e-06
22,1015,29.97994589805603,0.33740463852882385,nan,nan,tensor(0.0021),nan,1e-06
22,1016,30.008467435836792,0.3996151089668274,nan,nan,tensor(0.0021),nan,1e-06
22,1017,30.036551475524902,0.18840163946151733,nan,nan,tensor(0.0021),nan,1e-06
22,1018,30.065190076828003,0.21184886991977692,nan,nan,tensor(0.0021),nan,1e-06
22,1019,30.093249082565308,0.2646048367023468,nan,nan,tensor(0.0021),nan,1e-06
22,1020,30.121833562850952,0.12842664122581482,nan,nan,tensor(0.0021),nan,1e-06
22,1021,30.15014147758484,0.23964282870292664,nan,nan,tensor(0.0021),nan,1e-06
22,1022,30.17870259284973,0.3176829516887665,nan,nan,tensor(0.0021),nan,1e-06
22,1023,30.207000255584717,0.23927225172519684,nan,nan,tensor(0.0021),nan,1e-06
22,1024,30.236043691635132,0.24472513794898987,nan,nan,tensor(0.0021),nan,1e-06
22,1025,30.264577627182007,0.2195485383272171,nan,nan,tensor(0.0021),nan,1e-06
22,1026,30.294944047927856,0.1635465770959854,nan,nan,tensor(0.0021),nan,1e-06
22,1027,30.324528217315674,0.1750006079673767,nan,nan,tensor(0.0021),nan,1e-06
22,1028,30.353432416915894,0.17154920101165771,nan,nan,tensor(0.0021),nan,1e-06
22,1029,30.382502794265747,0.22099605202674866,nan,nan,tensor(0.0021),nan,1e-06
22,1030,30.411203622817993,0.1180206909775734,nan,nan,tensor(0.0021),nan,1e-06
22,1031,30.43990731239319,0.12771375477313995,nan,nan,tensor(0.0021),nan,1e-06
22,1032,30.46890926361084,0.22009797394275665,nan,nan,tensor(0.0021),nan,1e-06
22,1033,30.497623682022095,0.29052308201789856,nan,nan,tensor(0.0021),nan,1e-06
22,1034,30.52472710609436,0.3745514154434204,nan,nan,tensor(0.0021),nan,1e-06
22,1035,30.70863175392151,0.2732353210449219,0.23708906849013997,0.36898374938964845,tensor(0.0021),tensor(0.0021),1e-06
23,1036,30.735283851623535,0.30523401498794556,nan,nan,tensor(0.0021),nan,1e-06
23,1037,30.75750708580017,0.22342272102832794,nan,nan,tensor(0.0021),nan,1e-06
23,1038,30.780306577682495,0.33253324031829834,nan,nan,tensor(0.0021),nan,1e-06
23,1039,30.8037006855011,0.2414785623550415,nan,nan,tensor(0.0021),nan,1e-06
23,1040,30.826502561569214,0.27808132767677307,nan,nan,tensor(0.0021),nan,1e-06
23,1041,30.849355220794678,0.21308302879333496,nan,nan,tensor(0.0021),nan,1e-06
23,1042,30.87148880958557,0.2568349838256836,nan,nan,tensor(0.0021),nan,1e-06
23,1043,30.893775463104248,0.16535410284996033,nan,nan,tensor(0.0021),nan,1e-06
23,1044,30.916407108306885,0.309271901845932,nan,nan,tensor(0.0021),nan,1e-06
23,1045,30.938997507095337,0.2283773124217987,nan,nan,tensor(0.0021),nan,1e-06
23,1046,30.962491273880005,0.1591980755329132,nan,nan,tensor(0.0021),nan,1e-06
23,1047,30.984538316726685,0.2602415084838867,nan,nan,tensor(0.0021),nan,1e-06
23,1048,31.00893545150757,0.2472243756055832,nan,nan,tensor(0.0021),nan,1e-06
23,1049,31.032584190368652,0.23810961842536926,nan,nan,tensor(0.0021),nan,1e-06
23,1050,31.057328939437866,0.35744595527648926,nan,nan,tensor(0.0021),nan,1e-06
23,1051,31.08087468147278,0.1638975292444229,nan,nan,tensor(0.0021),nan,1e-06
23,1052,31.10543990135193,0.28142988681793213,nan,nan,tensor(0.0021),nan,1e-06
23,1053,31.129397869110107,0.2158067226409912,nan,nan,tensor(0.0021),nan,1e-06
23,1054,31.153963804244995,0.24065637588500977,nan,nan,tensor(0.0021),nan,1e-06
23,1055,31.17757511138916,0.2776294946670532,nan,nan,tensor(0.0021),nan,1e-06
23,1056,31.20360541343689,0.27423131465911865,nan,nan,tensor(0.0021),nan,1e-06
23,1057,31.228952884674072,0.16675347089767456,nan,nan,tensor(0.0021),nan,1e-06
23,1058,31.254777193069458,0.2581912875175476,nan,nan,tensor(0.0021),nan,1e-06
23,1059,31.279564142227173,0.17529022693634033,nan,nan,tensor(0.0021),nan,1e-06
23,1060,31.306155920028687,0.31591978669166565,nan,nan,tensor(0.0021),nan,1e-06
23,1061,31.331075429916382,0.27341702580451965,nan,nan,tensor(0.0021),nan,1e-06
23,1062,31.356912851333618,0.31896549463272095,nan,nan,tensor(0.0021),nan,1e-06
23,1063,31.384748220443726,0.16066870093345642,nan,nan,tensor(0.0021),nan,1e-06
23,1064,31.413145303726196,0.19282200932502747,nan,nan,tensor(0.0021),nan,1e-06
23,1065,31.440229415893555,0.15548738837242126,nan,nan,tensor(0.0021),nan,1e-06
23,1066,31.469355583190918,0.21039453148841858,nan,nan,tensor(0.0021),nan,1e-06
23,1067,31.496447801589966,0.2557945251464844,nan,nan,tensor(0.0021),nan,1e-06
23,1068,31.525200843811035,0.21359334886074066,nan,nan,tensor(0.0021),nan,1e-06
23,1069,31.55203151702881,0.23503190279006958,nan,nan,tensor(0.0021),nan,1e-06
23,1070,31.580687761306763,0.16641052067279816,nan,nan,tensor(0.0021),nan,1e-06
23,1071,31.608121395111084,0.20655864477157593,nan,nan,tensor(0.0021),nan,1e-06
23,1072,31.63642692565918,0.2109401375055313,nan,nan,tensor(0.0021),nan,1e-06
23,1073,31.66069722175598,0.22521623969078064,nan,nan,tensor(0.0021),nan,1e-06
23,1074,31.684262990951538,0.14425933361053467,nan,nan,tensor(0.0021),nan,1e-06
23,1075,31.70930051803589,0.1999255120754242,nan,nan,tensor(0.0021),nan,1e-06
23,1076,31.733022928237915,0.18384383618831635,nan,nan,tensor(0.0021),nan,1e-06
23,1077,31.757683277130127,0.2825048565864563,nan,nan,tensor(0.0021),nan,1e-06
23,1078,31.781335592269897,0.16442953050136566,nan,nan,tensor(0.0021),nan,1e-06
23,1079,31.80536389350891,0.1717163622379303,nan,nan,tensor(0.0021),nan,1e-06
23,1080,31.83284282684326,0.2808494567871094,nan,nan,tensor(0.0021),nan,1e-06
23,1081,31.85733914375305,0.23470152914524078,nan,nan,tensor(0.0021),nan,1e-06
23,1082,32.05088543891907,0.37581655383110046,0.23508604822006632,0.36626329231262206,tensor(0.0021),tensor(0.0021),1e-06
24,1083,32.074148178100586,0.2646535038948059,nan,nan,tensor(0.0021),nan,1e-06
24,1084,32.10065960884094,0.19754336774349213,nan,nan,tensor(0.0021),nan,1e-06
24,1085,32.127346992492676,0.19545160233974457,nan,nan,tensor(0.0021),nan,1e-06
24,1086,32.153849601745605,0.24567964673042297,nan,nan,tensor(0.0021),nan,1e-06
24,1087,32.180898666381836,0.31392353773117065,nan,nan,tensor(0.0021),nan,1e-06
24,1088,32.20784378051758,0.24015432596206665,nan,nan,tensor(0.0021),nan,1e-06
24,1089,32.235114336013794,0.2566605508327484,nan,nan,tensor(0.0021),nan,1e-06
24,1090,32.261571168899536,0.23868799209594727,nan,nan,tensor(0.0021),nan,1e-06
24,1091,32.28794527053833,0.2183050513267517,nan,nan,tensor(0.0021),nan,1e-06
24,1092,32.315568923950195,0.19836881756782532,nan,nan,tensor(0.0021),nan,1e-06
24,1093,32.34248948097229,0.3094633221626282,nan,nan,tensor(0.0021),nan,1e-06
24,1094,32.37028980255127,0.24864327907562256,nan,nan,tensor(0.0021),nan,1e-06
24,1095,32.397042989730835,0.1726415604352951,nan,nan,tensor(0.0021),nan,1e-06
24,1096,32.42531394958496,0.24378645420074463,nan,nan,tensor(0.0021),nan,1e-06
24,1097,32.45265531539917,0.2671767473220825,nan,nan,tensor(0.0021),nan,1e-06
24,1098,32.478843212127686,0.15716996788978577,nan,nan,tensor(0.0021),nan,1e-06
24,1099,32.507442474365234,0.29140332341194153,nan,nan,tensor(0.0021),nan,1e-06
24,1100,32.53593587875366,0.26347991824150085,nan,nan,tensor(0.0021),nan,1e-06
24,1101,32.56473684310913,0.3281778395175934,nan,nan,tensor(0.0021),nan,1e-06
24,1102,32.593750953674316,0.26145389676094055,nan,nan,tensor(0.0021),nan,1e-06
24,1103,32.622429847717285,0.1464625895023346,nan,nan,tensor(0.0021),nan,1e-06
24,1104,32.65129089355469,0.2059507668018341,nan,nan,tensor(0.0021),nan,1e-06
24,1105,32.67962455749512,0.23555874824523926,nan,nan,tensor(0.0021),nan,1e-06
24,1106,32.708478689193726,0.23034626245498657,nan,nan,tensor(0.0021),nan,1e-06
24,1107,32.73690748214722,0.2569340467453003,nan,nan,tensor(0.0021),nan,1e-06
24,1108,32.76550006866455,0.17592330276966095,nan,nan,tensor(0.0021),nan,1e-06
24,1109,32.796690702438354,0.17368482053279877,nan,nan,tensor(0.0021),nan,1e-06
24,1110,32.825164556503296,0.15493889153003693,nan,nan,tensor(0.0021),nan,1e-06
24,1111,32.8529052734375,0.20832714438438416,nan,nan,tensor(0.0021),nan,1e-06
24,1112,32.88147592544556,0.1382102072238922,nan,nan,tensor(0.0021),nan,1e-06
24,1113,32.91273260116577,0.2038794457912445,nan,nan,tensor(0.0021),nan,1e-06
24,1114,32.94554018974304,0.2303767204284668,nan,nan,tensor(0.0021),nan,1e-06
24,1115,32.97694635391235,0.22856460511684418,nan,nan,tensor(0.0021),nan,1e-06
24,1116,33.005518674850464,0.18960271775722504,nan,nan,tensor(0.0021),nan,1e-06
24,1117,33.03426790237427,0.27324098348617554,nan,nan,tensor(0.0021),nan,1e-06
24,1118,33.0627875328064,0.19157278537750244,nan,nan,tensor(0.0021),nan,1e-06
24,1119,33.09153389930725,0.24628591537475586,nan,nan,tensor(0.0021),nan,1e-06
24,1120,33.11893391609192,0.2739570438861847,nan,nan,tensor(0.0021),nan,1e-06
24,1121,33.147517681121826,0.22102706134319305,nan,nan,tensor(0.0021),nan,1e-06
24,1122,33.17540097236633,0.19038881361484528,nan,nan,tensor(0.0021),nan,1e-06
24,1123,33.20437026023865,0.22873947024345398,nan,nan,tensor(0.0021),nan,1e-06
24,1124,33.232272148132324,0.2723800837993622,nan,nan,tensor(0.0021),nan,1e-06
24,1125,33.260931730270386,0.22941605746746063,nan,nan,tensor(0.0021),nan,1e-06
24,1126,33.28946566581726,0.2278095781803131,nan,nan,tensor(0.0021),nan,1e-06
24,1127,33.31739616394043,0.2121075689792633,nan,nan,tensor(0.0021),nan,1e-06
24,1128,33.34586811065674,0.24195346236228943,nan,nan,tensor(0.0021),nan,1e-06
24,1129,33.53493905067444,0.4160349667072296,0.23226593117764655,0.36592314910888674,tensor(0.0021),tensor(0.0021),1e-06
25,1130,33.56045365333557,0.22599804401397705,nan,nan,tensor(0.0021),nan,1e-06
25,1131,33.5892231464386,0.26160892844200134,nan,nan,tensor(0.0021),nan,1e-06
25,1132,33.61723256111145,0.11597514152526855,nan,nan,tensor(0.0021),nan,1e-06
25,1133,33.64570450782776,0.2326015830039978,nan,nan,tensor(0.0021),nan,1e-06
25,1134,33.66979146003723,0.3068438768386841,nan,nan,tensor(0.0021),nan,1e-06
25,1135,33.69784140586853,0.1904163956642151,nan,nan,tensor(0.0021),nan,1e-06
25,1136,33.721705198287964,0.25612562894821167,nan,nan,tensor(0.0021),nan,1e-06
25,1137,33.750266313552856,0.21764034032821655,nan,nan,tensor(0.0021),nan,1e-06
25,1138,33.7739417552948,0.16919457912445068,nan,nan,tensor(0.0021),nan,1e-06
25,1139,33.802921772003174,0.26074790954589844,nan,nan,tensor(0.0021),nan,1e-06
25,1140,33.827828884124756,0.1685177981853485,nan,nan,tensor(0.0021),nan,1e-06
25,1141,33.85262846946716,0.198634073138237,nan,nan,tensor(0.0021),nan,1e-06
25,1142,33.87735152244568,0.20418322086334229,nan,nan,tensor(0.0021),nan,1e-06
25,1143,33.900418281555176,0.2627618908882141,nan,nan,tensor(0.0021),nan,1e-06
25,1144,33.92550992965698,0.2130793333053589,nan,nan,tensor(0.0021),nan,1e-06
25,1145,33.94945287704468,0.23734480142593384,nan,nan,tensor(0.0021),nan,1e-06
25,1146,33.9777729511261,0.22417643666267395,nan,nan,tensor(0.0021),nan,1e-06
25,1147,34.00297832489014,0.31269916892051697,nan,nan,tensor(0.0021),nan,1e-06
25,1148,34.028146743774414,0.10715631395578384,nan,nan,tensor(0.0021),nan,1e-06
25,1149,34.05230236053467,0.2290838062763214,nan,nan,tensor(0.0021),nan,1e-06
25,1150,34.077248096466064,0.3589945137500763,nan,nan,tensor(0.0021),nan,1e-06
25,1151,34.101255655288696,0.2076215147972107,nan,nan,tensor(0.0021),nan,1e-06
25,1152,34.12602758407593,0.2398436814546585,nan,nan,tensor(0.0021),nan,1e-06
25,1153,34.149937868118286,0.3637094795703888,nan,nan,tensor(0.0021),nan,1e-06
25,1154,34.174307346343994,0.200465589761734,nan,nan,tensor(0.0021),nan,1e-06
25,1155,34.199063777923584,0.2593829035758972,nan,nan,tensor(0.0021),nan,1e-06
25,1156,34.22489595413208,0.24241286516189575,nan,nan,tensor(0.0021),nan,1e-06
25,1157,34.25006151199341,0.23655717074871063,nan,nan,tensor(0.0021),nan,1e-06
25,1158,34.275792837142944,0.24151885509490967,nan,nan,tensor(0.0021),nan,1e-06
25,1159,34.30155825614929,0.2633446753025055,nan,nan,tensor(0.0021),nan,1e-06
25,1160,34.32766580581665,0.2782461941242218,nan,nan,tensor(0.0021),nan,1e-06
25,1161,34.353965520858765,0.19030295312404633,nan,nan,tensor(0.0021),nan,1e-06
25,1162,34.38072848320007,0.20054908096790314,nan,nan,tensor(0.0021),nan,1e-06
25,1163,34.405563831329346,0.19987748563289642,nan,nan,tensor(0.0021),nan,1e-06
25,1164,34.43180251121521,0.20511215925216675,nan,nan,tensor(0.0021),nan,1e-06
25,1165,34.46079230308533,0.25890469551086426,nan,nan,tensor(0.0021),nan,1e-06
25,1166,34.49061918258667,0.13393786549568176,nan,nan,tensor(0.0021),nan,1e-06
25,1167,34.51843857765198,0.22588935494422913,nan,nan,tensor(0.0021),nan,1e-06
25,1168,34.5469856262207,0.20851725339889526,nan,nan,tensor(0.0021),nan,1e-06
25,1169,34.57493352890015,0.33670371770858765,nan,nan,tensor(0.0021),nan,1e-06
25,1170,34.60324788093567,0.20360435545444489,nan,nan,tensor(0.0021),nan,1e-06
25,1171,34.63138961791992,0.19682011008262634,nan,nan,tensor(0.0021),nan,1e-06
25,1172,34.66297626495361,0.2125028520822525,nan,nan,tensor(0.0021),nan,1e-06
25,1173,34.690964460372925,0.2678767442703247,nan,nan,tensor(0.0021),nan,1e-06
25,1174,34.72008299827576,0.20026350021362305,nan,nan,tensor(0.0021),nan,1e-06
25,1175,34.74629521369934,0.2503708302974701,nan,nan,tensor(0.0021),nan,1e-06
25,1176,34.934921979904175,0.2337024211883545,0.230038767957941,0.3659665126800537,tensor(0.0021),tensor(0.0021),1e-06
26,1177,34.9581983089447,0.248640239238739,nan,nan,tensor(0.0021),nan,1e-06
26,1178,34.98376941680908,0.3568802773952484,nan,nan,tensor(0.0021),nan,1e-06
26,1179,35.00930833816528,0.2539713680744171,nan,nan,tensor(0.0021),nan,1e-06
26,1180,35.03508734703064,0.15943795442581177,nan,nan,tensor(0.0021),nan,1e-06
26,1181,35.05921506881714,0.18111762404441833,nan,nan,tensor(0.0021),nan,1e-06
26,1182,35.08477807044983,0.19132137298583984,nan,nan,tensor(0.0021),nan,1e-06
26,1183,35.10984539985657,0.28710299730300903,nan,nan,tensor(0.0021),nan,1e-06
26,1184,35.1359920501709,0.2693064212799072,nan,nan,tensor(0.0021),nan,1e-06
26,1185,35.161473751068115,0.2137366533279419,nan,nan,tensor(0.0021),nan,1e-06
26,1186,35.18786382675171,0.24060246348381042,nan,nan,tensor(0.0021),nan,1e-06
26,1187,35.214144468307495,0.21312952041625977,nan,nan,tensor(0.0021),nan,1e-06
26,1188,35.23999071121216,0.16403105854988098,nan,nan,tensor(0.0021),nan,1e-06
26,1189,35.264442920684814,0.17903415858745575,nan,nan,tensor(0.0021),nan,1e-06
26,1190,35.29073357582092,0.1909467875957489,nan,nan,tensor(0.0021),nan,1e-06
26,1191,35.317023038864136,0.276878297328949,nan,nan,tensor(0.0021),nan,1e-06
26,1192,35.34314966201782,0.3462361693382263,nan,nan,tensor(0.0021),nan,1e-06
26,1193,35.36912393569946,0.17981380224227905,nan,nan,tensor(0.0021),nan,1e-06
26,1194,35.39757442474365,0.2271304726600647,nan,nan,tensor(0.0021),nan,1e-06
26,1195,35.427114486694336,0.275626540184021,nan,nan,tensor(0.0021),nan,1e-06
26,1196,35.45643639564514,0.35083264112472534,nan,nan,tensor(0.0021),nan,1e-06
26,1197,35.48669075965881,0.1907137632369995,nan,nan,tensor(0.0021),nan,1e-06
26,1198,35.515504121780396,0.2014806866645813,nan,nan,tensor(0.0021),nan,1e-06
26,1199,35.54215121269226,0.28893473744392395,nan,nan,tensor(0.0021),nan,1e-06
26,1200,35.56870698928833,0.2791590392589569,nan,nan,tensor(0.0021),nan,1e-06
26,1201,35.597076177597046,0.20901525020599365,nan,nan,tensor(0.0021),nan,1e-06
26,1202,35.62511205673218,0.18079118430614471,nan,nan,tensor(0.0021),nan,1e-06
26,1203,35.654138803482056,0.1870531588792801,nan,nan,tensor(0.0021),nan,1e-06
26,1204,35.68201923370361,0.16109074652194977,nan,nan,tensor(0.0021),nan,1e-06
26,1205,35.71120738983154,0.23624788224697113,nan,nan,tensor(0.0021),nan,1e-06
26,1206,35.73809027671814,0.2585015594959259,nan,nan,tensor(0.0021),nan,1e-06
26,1207,35.76705479621887,0.2649805545806885,nan,nan,tensor(0.0021),nan,1e-06
26,1208,35.79864478111267,0.24828270077705383,nan,nan,tensor(0.0021),nan,1e-06
26,1209,35.82733392715454,0.14727674424648285,nan,nan,tensor(0.0021),nan,1e-06
26,1210,35.85498881340027,0.2656431198120117,nan,nan,tensor(0.0021),nan,1e-06
26,1211,35.884441614151,0.1681060791015625,nan,nan,tensor(0.0021),nan,1e-06
26,1212,35.91199851036072,0.1642756164073944,nan,nan,tensor(0.0021),nan,1e-06
26,1213,35.94101595878601,0.2396707832813263,nan,nan,tensor(0.0021),nan,1e-06
26,1214,35.9699125289917,0.22760535776615143,nan,nan,tensor(0.0021),nan,1e-06
26,1215,35.99862766265869,0.15856581926345825,nan,nan,tensor(0.0021),nan,1e-06
26,1216,36.02641749382019,0.28721240162849426,nan,nan,tensor(0.0021),nan,1e-06
26,1217,36.05505108833313,0.16435879468917847,nan,nan,tensor(0.0021),nan,1e-06
26,1218,36.08219909667969,0.21298864483833313,nan,nan,tensor(0.0021),nan,1e-06
26,1219,36.11117506027222,0.2696787714958191,nan,nan,tensor(0.0021),nan,1e-06
26,1220,36.13886380195618,0.19714218378067017,nan,nan,tensor(0.0021),nan,1e-06
26,1221,36.167359590530396,0.21051698923110962,nan,nan,tensor(0.0021),nan,1e-06
26,1222,36.19586944580078,0.25355541706085205,nan,nan,tensor(0.0021),nan,1e-06
26,1223,36.378857135772705,0.2148771584033966,0.22752131838747797,0.36452302551269533,tensor(0.0021),tensor(0.0021),1e-06
27,1224,36.40448522567749,0.28095120191574097,nan,nan,tensor(0.0021),nan,1e-06
27,1225,36.43348455429077,0.210191011428833,nan,nan,tensor(0.0021),nan,1e-06
27,1226,36.460461378097534,0.25498923659324646,nan,nan,tensor(0.0021),nan,1e-06
27,1227,36.489426136016846,0.2490907460451126,nan,nan,tensor(0.0021),nan,1e-06
27,1228,36.51704692840576,0.2809194028377533,nan,nan,tensor(0.0021),nan,1e-06
27,1229,36.54590368270874,0.26219120621681213,nan,nan,tensor(0.0021),nan,1e-06
27,1230,36.57422614097595,0.23921366035938263,nan,nan,tensor(0.0021),nan,1e-06
27,1231,36.6031391620636,0.15544545650482178,nan,nan,tensor(0.0021),nan,1e-06
27,1232,36.63209915161133,0.19065378606319427,nan,nan,tensor(0.0021),nan,1e-06
27,1233,36.66050362586975,0.18892574310302734,nan,nan,tensor(0.0021),nan,1e-06
27,1234,36.689523458480835,0.32137560844421387,nan,nan,tensor(0.0021),nan,1e-06
27,1235,36.71778607368469,0.18452811241149902,nan,nan,tensor(0.0021),nan,1e-06
27,1236,36.74695181846619,0.22117963433265686,nan,nan,tensor(0.0021),nan,1e-06
27,1237,36.77409100532532,0.367598295211792,nan,nan,tensor(0.0021),nan,1e-06
27,1238,36.80423903465271,0.17692062258720398,nan,nan,tensor(0.0021),nan,1e-06
27,1239,36.84250092506409,0.1683495044708252,nan,nan,tensor(0.0021),nan,1e-06
27,1240,36.8711462020874,0.20333507657051086,nan,nan,tensor(0.0021),nan,1e-06
27,1241,36.895177125930786,0.21801632642745972,nan,nan,tensor(0.0021),nan,1e-06
27,1242,36.92041039466858,0.15901145339012146,nan,nan,tensor(0.0021),nan,1e-06
27,1243,36.94497847557068,0.21722862124443054,nan,nan,tensor(0.0021),nan,1e-06
27,1244,36.973891735076904,0.26098331809043884,nan,nan,tensor(0.0021),nan,1e-06
27,1245,36.999924421310425,0.1906743198633194,nan,nan,tensor(0.0021),nan,1e-06
27,1246,37.02494287490845,0.2824668884277344,nan,nan,tensor(0.0021),nan,1e-06
27,1247,37.04910922050476,0.27469950914382935,nan,nan,tensor(0.0021),nan,1e-06
27,1248,37.074355602264404,0.24906040728092194,nan,nan,tensor(0.0021),nan,1e-06
27,1249,37.098686933517456,0.18571005761623383,nan,nan,tensor(0.0021),nan,1e-06
27,1250,37.123578786849976,0.2716807723045349,nan,nan,tensor(0.0021),nan,1e-06
27,1251,37.14812994003296,0.21235430240631104,nan,nan,tensor(0.0021),nan,1e-06
27,1252,37.17295289039612,0.31349313259124756,nan,nan,tensor(0.0021),nan,1e-06
27,1253,37.19732451438904,0.2418510913848877,nan,nan,tensor(0.0021),nan,1e-06
27,1254,37.22227668762207,0.18269707262516022,nan,nan,tensor(0.0021),nan,1e-06
27,1255,37.24610877037048,0.22673076391220093,nan,nan,tensor(0.0021),nan,1e-06
27,1256,37.27129411697388,0.1689266562461853,nan,nan,tensor(0.0021),nan,1e-06
27,1257,37.29608130455017,0.17327292263507843,nan,nan,tensor(0.0021),nan,1e-06
27,1258,37.32094407081604,0.22515058517456055,nan,nan,tensor(0.0021),nan,1e-06
27,1259,37.34503173828125,0.14369842410087585,nan,nan,tensor(0.0021),nan,1e-06
27,1260,37.3702027797699,0.21160657703876495,nan,nan,tensor(0.0021),nan,1e-06
27,1261,37.394771099090576,0.28163808584213257,nan,nan,tensor(0.0021),nan,1e-06
27,1262,37.41946864128113,0.13259318470954895,nan,nan,tensor(0.0021),nan,1e-06
27,1263,37.44391918182373,0.15940892696380615,nan,nan,tensor(0.0021),nan,1e-06
27,1264,37.46981239318848,0.4003320336341858,nan,nan,tensor(0.0021),nan,1e-06
27,1265,37.49275183677673,0.16820088028907776,nan,nan,tensor(0.0021),nan,1e-06
27,1266,37.51740074157715,0.27719810605049133,nan,nan,tensor(0.0021),nan,1e-06
27,1267,37.54241347312927,0.20082810521125793,nan,nan,tensor(0.0021),nan,1e-06
27,1268,37.56825256347656,0.2486339807510376,nan,nan,tensor(0.0021),nan,1e-06
27,1269,37.59683656692505,0.14996930956840515,nan,nan,tensor(0.0021),nan,1e-06
27,1270,37.78573536872864,0.19190604984760284,0.22501872701847808,0.3637009811401367,tensor(0.0021),tensor(0.0021),1e-06
28,1271,37.81111741065979,0.23631681501865387,nan,nan,tensor(0.0021),nan,1e-06
28,1272,37.83993077278137,0.22977307438850403,nan,nan,tensor(0.0021),nan,1e-06
28,1273,37.868358850479126,0.25800880789756775,nan,nan,tensor(0.0021),nan,1e-06
28,1274,37.89727425575256,0.25530779361724854,nan,nan,tensor(0.0021),nan,1e-06
28,1275,37.92529296875,0.21360644698143005,nan,nan,tensor(0.0021),nan,1e-06
28,1276,37.95429539680481,0.10230143368244171,nan,nan,tensor(0.0021),nan,1e-06
28,1277,37.97957801818848,0.16939516365528107,nan,nan,tensor(0.0021),nan,1e-06
28,1278,38.006447315216064,0.2543315291404724,nan,nan,tensor(0.0021),nan,1e-06
28,1279,38.031885385513306,0.22794212400913239,nan,nan,tensor(0.0021),nan,1e-06
28,1280,38.058566093444824,0.11839699000120163,nan,nan,tensor(0.0021),nan,1e-06
28,1281,38.08420944213867,0.15253207087516785,nan,nan,tensor(0.0021),nan,1e-06
28,1282,38.112056255340576,0.26324766874313354,nan,nan,tensor(0.0021),nan,1e-06
28,1283,38.13899517059326,0.3434818983078003,nan,nan,tensor(0.0021),nan,1e-06
28,1284,38.16475319862366,0.15007571876049042,nan,nan,tensor(0.0021),nan,1e-06
28,1285,38.191232681274414,0.17921113967895508,nan,nan,tensor(0.0021),nan,1e-06
28,1286,38.21922421455383,0.2685261368751526,nan,nan,tensor(0.0021),nan,1e-06
28,1287,38.24830365180969,0.42415404319763184,nan,nan,tensor(0.0021),nan,1e-06
28,1288,38.27677249908447,0.21333080530166626,nan,nan,tensor(0.0021),nan,1e-06
28,1289,38.30579423904419,0.18797343969345093,nan,nan,tensor(0.0021),nan,1e-06
28,1290,38.33293271064758,0.17327818274497986,nan,nan,tensor(0.0021),nan,1e-06
28,1291,38.361522912979126,0.19317662715911865,nan,nan,tensor(0.0021),nan,1e-06
28,1292,38.388832807540894,0.2543186843395233,nan,nan,tensor(0.0021),nan,1e-06
28,1293,38.41774344444275,0.15247228741645813,nan,nan,tensor(0.0021),nan,1e-06
28,1294,38.4446325302124,0.18761910498142242,nan,nan,tensor(0.0021),nan,1e-06
28,1295,38.473225116729736,0.25011029839515686,nan,nan,tensor(0.0021),nan,1e-06
28,1296,38.500242948532104,0.2652273178100586,nan,nan,tensor(0.0021),nan,1e-06
28,1297,38.52884769439697,0.16810333728790283,nan,nan,tensor(0.0021),nan,1e-06
28,1298,38.556376457214355,0.1871972680091858,nan,nan,tensor(0.0021),nan,1e-06
28,1299,38.58500146865845,0.17196166515350342,nan,nan,tensor(0.0021),nan,1e-06
28,1300,38.61226153373718,0.22448530793190002,nan,nan,tensor(0.0021),nan,1e-06
28,1301,38.64193773269653,0.23395143449306488,nan,nan,tensor(0.0021),nan,1e-06
28,1302,38.67000603675842,0.16572409868240356,nan,nan,tensor(0.0021),nan,1e-06
28,1303,38.69903016090393,0.18025457859039307,nan,nan,tensor(0.0021),nan,1e-06
28,1304,38.72695350646973,0.2637854814529419,nan,nan,tensor(0.0021),nan,1e-06
28,1305,38.755659103393555,0.15938280522823334,nan,nan,tensor(0.0021),nan,1e-06
28,1306,38.78680944442749,0.3621111810207367,nan,nan,tensor(0.0021),nan,1e-06
28,1307,38.81559371948242,0.3280942738056183,nan,nan,tensor(0.0021),nan,1e-06
28,1308,38.844295263290405,0.13368654251098633,nan,nan,tensor(0.0021),nan,1e-06
28,1309,38.87259912490845,0.25016796588897705,nan,nan,tensor(0.0021),nan,1e-06
28,1310,38.90059041976929,0.3063369691371918,nan,nan,tensor(0.0021),nan,1e-06
28,1311,38.92981672286987,0.2602201998233795,nan,nan,tensor(0.0021),nan,1e-06
28,1312,38.962642431259155,0.2752249240875244,nan,nan,tensor(0.0021),nan,1e-06
28,1313,38.99150371551514,0.1458519548177719,nan,nan,tensor(0.0021),nan,1e-06
28,1314,39.02153015136719,0.24482987821102142,nan,nan,tensor(0.0021),nan,1e-06
28,1315,39.051836252212524,0.24396908283233643,nan,nan,tensor(0.0021),nan,1e-06
28,1316,39.08222508430481,0.2295522689819336,nan,nan,tensor(0.0021),nan,1e-06
28,1317,39.26620054244995,0.24441146850585938,0.22347698487499926,0.36382963752746583,tensor(0.0021),tensor(0.0021),1e-06
29,1318,39.29189324378967,0.19866067171096802,nan,nan,tensor(0.0021),nan,1e-06
29,1319,39.32037162780762,0.1330743134021759,nan,nan,tensor(0.0021),nan,1e-06
29,1320,39.34851336479187,0.261547714471817,nan,nan,tensor(0.0021),nan,1e-06
29,1321,39.37704634666443,0.2059839963912964,nan,nan,tensor(0.0021),nan,1e-06
29,1322,39.40575408935547,0.2651847004890442,nan,nan,tensor(0.0021),nan,1e-06
29,1323,39.43417954444885,0.2585974633693695,nan,nan,tensor(0.0021),nan,1e-06
29,1324,39.46307897567749,0.20576921105384827,nan,nan,tensor(0.0021),nan,1e-06
29,1325,39.49169373512268,0.2025684267282486,nan,nan,tensor(0.0021),nan,1e-06
29,1326,39.52087211608887,0.23404435813426971,nan,nan,tensor(0.0021),nan,1e-06
29,1327,39.55050253868103,0.17821386456489563,nan,nan,tensor(0.0021),nan,1e-06
29,1328,39.57831907272339,0.1529090404510498,nan,nan,tensor(0.0021),nan,1e-06
29,1329,39.606807708740234,0.262662410736084,nan,nan,tensor(0.0021),nan,1e-06
29,1330,39.63542580604553,0.15396079421043396,nan,nan,tensor(0.0021),nan,1e-06
29,1331,39.66461896896362,0.3015444874763489,nan,nan,tensor(0.0021),nan,1e-06
29,1332,39.692758321762085,0.20089924335479736,nan,nan,tensor(0.0021),nan,1e-06
29,1333,39.72174334526062,0.22153474390506744,nan,nan,tensor(0.0021),nan,1e-06
29,1334,39.74992537498474,0.4074001908302307,nan,nan,tensor(0.0021),nan,1e-06
29,1335,39.778916358947754,0.2514819800853729,nan,nan,tensor(0.0021),nan,1e-06
29,1336,39.8069212436676,0.2297877073287964,nan,nan,tensor(0.0021),nan,1e-06
29,1337,39.83560276031494,0.2728089392185211,nan,nan,tensor(0.0021),nan,1e-06
29,1338,39.863988399505615,0.25264379382133484,nan,nan,tensor(0.0021),nan,1e-06
29,1339,39.893059492111206,0.239923357963562,nan,nan,tensor(0.0021),nan,1e-06
29,1340,39.921494245529175,0.14754748344421387,nan,nan,tensor(0.0021),nan,1e-06
29,1341,39.94946789741516,0.2448752224445343,nan,nan,tensor(0.0021),nan,1e-06
29,1342,39.9807813167572,0.347110778093338,nan,nan,tensor(0.0021),nan,1e-06
29,1343,40.00465226173401,0.20607897639274597,nan,nan,tensor(0.0021),nan,1e-06
29,1344,40.02954602241516,0.27878499031066895,nan,nan,tensor(0.0021),nan,1e-06
29,1345,40.053916215896606,0.1517493724822998,nan,nan,tensor(0.0021),nan,1e-06
29,1346,40.07862663269043,0.22763648629188538,nan,nan,tensor(0.0021),nan,1e-06
29,1347,40.102545499801636,0.19021271169185638,nan,nan,tensor(0.0021),nan,1e-06
29,1348,40.12745451927185,0.2643953561782837,nan,nan,tensor(0.0021),nan,1e-06
29,1349,40.151578187942505,0.16492754220962524,nan,nan,tensor(0.0021),nan,1e-06
29,1350,40.17640042304993,0.13821813464164734,nan,nan,tensor(0.0021),nan,1e-06
29,1351,40.200475454330444,0.27770286798477173,nan,nan,tensor(0.0021),nan,1e-06
29,1352,40.225017786026,0.12923751771450043,nan,nan,tensor(0.0021),nan,1e-06
29,1353,40.24886345863342,0.24914707243442535,nan,nan,tensor(0.0021),nan,1e-06
29,1354,40.273539304733276,0.2852596938610077,nan,nan,tensor(0.0021),nan,1e-06
29,1355,40.29752039909363,0.2220812737941742,nan,nan,tensor(0.0021),nan,1e-06
29,1356,40.321940660476685,0.13819357752799988,nan,nan,tensor(0.0021),nan,1e-06
29,1357,40.34563422203064,0.22566130757331848,nan,nan,tensor(0.0021),nan,1e-06
29,1358,40.37084102630615,0.14223381876945496,nan,nan,tensor(0.0021),nan,1e-06
29,1359,40.39440417289734,0.23121219873428345,nan,nan,tensor(0.0021),nan,1e-06
29,1360,40.41899132728577,0.13933709263801575,nan,nan,tensor(0.0021),nan,1e-06
29,1361,40.4424991607666,0.22770731151103973,nan,nan,tensor(0.0021),nan,1e-06
29,1362,40.46702432632446,0.19573412835597992,nan,nan,tensor(0.0021),nan,1e-06
29,1363,40.490551471710205,0.23043493926525116,nan,nan,tensor(0.0021),nan,1e-06
29,1364,40.67403745651245,0.22578127682209015,0.2206906923588286,0.36597936248779295,tensor(0.0021),tensor(0.0021),1e-06
30,1365,40.69697332382202,0.15186834335327148,nan,nan,tensor(0.0021),nan,1e-06
30,1366,40.72211265563965,0.2327871471643448,nan,nan,tensor(0.0021),nan,1e-06
30,1367,40.74659609794617,0.2452564537525177,nan,nan,tensor(0.0021),nan,1e-06
30,1368,40.77227187156677,0.18753169476985931,nan,nan,tensor(0.0021),nan,1e-06
30,1369,40.80597281455994,0.278461217880249,nan,nan,tensor(0.0021),nan,1e-06
30,1370,40.834866523742676,0.25275754928588867,nan,nan,tensor(0.0021),nan,1e-06
30,1371,40.86248207092285,0.19187940657138824,nan,nan,tensor(0.0021),nan,1e-06
30,1372,40.891005992889404,0.14032575488090515,nan,nan,tensor(0.0021),nan,1e-06
30,1373,40.917497396469116,0.29882916808128357,nan,nan,tensor(0.0021),nan,1e-06
30,1374,40.94954824447632,0.1645931899547577,nan,nan,tensor(0.0021),nan,1e-06
30,1375,40.97611665725708,0.2397526502609253,nan,nan,tensor(0.0021),nan,1e-06
30,1376,41.004358530044556,0.27645012736320496,nan,nan,tensor(0.0021),nan,1e-06
30,1377,41.0319709777832,0.23921117186546326,nan,nan,tensor(0.0021),nan,1e-06
30,1378,41.060277700424194,0.16988635063171387,nan,nan,tensor(0.0021),nan,1e-06
30,1379,41.0857880115509,0.18488821387290955,nan,nan,tensor(0.0021),nan,1e-06
30,1380,41.10994029045105,0.24333734810352325,nan,nan,tensor(0.0021),nan,1e-06
30,1381,41.13532614707947,0.2217789590358734,nan,nan,tensor(0.0021),nan,1e-06
30,1382,41.15894794464111,0.13915430009365082,nan,nan,tensor(0.0021),nan,1e-06
30,1383,41.18493866920471,0.28268906474113464,nan,nan,tensor(0.0021),nan,1e-06
30,1384,41.20826005935669,0.18730415403842926,nan,nan,tensor(0.0021),nan,1e-06
30,1385,41.23357129096985,0.16307707130908966,nan,nan,tensor(0.0021),nan,1e-06
30,1386,41.25891661643982,0.14814987778663635,nan,nan,tensor(0.0021),nan,1e-06
30,1387,41.282976150512695,0.30043384432792664,nan,nan,tensor(0.0021),nan,1e-06
30,1388,41.30869913101196,0.1931905895471573,nan,nan,tensor(0.0021),nan,1e-06
30,1389,41.33203053474426,0.2773950695991516,nan,nan,tensor(0.0021),nan,1e-06
30,1390,41.35743260383606,0.19471633434295654,nan,nan,tensor(0.0021),nan,1e-06
30,1391,41.38098502159119,0.18961016833782196,nan,nan,tensor(0.0021),nan,1e-06
30,1392,41.406160831451416,0.26086804270744324,nan,nan,tensor(0.0021),nan,1e-06
30,1393,41.43068552017212,0.2045324146747589,nan,nan,tensor(0.0021),nan,1e-06
30,1394,41.45598101615906,0.1904253512620926,nan,nan,tensor(0.0021),nan,1e-06
30,1395,41.481494426727295,0.11229749023914337,nan,nan,tensor(0.0021),nan,1e-06
30,1396,41.50856876373291,0.20417889952659607,nan,nan,tensor(0.0021),nan,1e-06
30,1397,41.53700113296509,0.2162809669971466,nan,nan,tensor(0.0021),nan,1e-06
30,1398,41.5639123916626,0.2543365955352783,nan,nan,tensor(0.0021),nan,1e-06
30,1399,41.59234833717346,0.33136066794395447,nan,nan,tensor(0.0021),nan,1e-06
30,1400,41.61898708343506,0.3025033175945282,nan,nan,tensor(0.0021),nan,1e-06
30,1401,41.64794564247131,0.2244194895029068,nan,nan,tensor(0.0021),nan,1e-06
30,1402,41.67472314834595,0.25586992502212524,nan,nan,tensor(0.0021),nan,1e-06
30,1403,41.70290517807007,0.22825852036476135,nan,nan,tensor(0.0021),nan,1e-06
30,1404,41.73005032539368,0.19502988457679749,nan,nan,tensor(0.0021),nan,1e-06
30,1405,41.7584011554718,0.2732924818992615,nan,nan,tensor(0.0021),nan,1e-06
30,1406,41.784937620162964,0.12298277020454407,nan,nan,tensor(0.0021),nan,1e-06
30,1407,41.81620216369629,0.2102789282798767,nan,nan,tensor(0.0021),nan,1e-06
30,1408,41.84391760826111,0.26338717341423035,nan,nan,tensor(0.0021),nan,1e-06
30,1409,41.8730206489563,0.23707932233810425,nan,nan,tensor(0.0021),nan,1e-06
30,1410,41.90135884284973,0.17273831367492676,nan,nan,tensor(0.0021),nan,1e-06
30,1411,42.08247470855713,0.26560044288635254,0.21959651531057156,0.36248037338256833,tensor(0.0021),tensor(0.0021),1e-06
31,1412,42.10779905319214,0.19817444682121277,nan,nan,tensor(0.0021),nan,1e-06
31,1413,42.13426613807678,0.33406853675842285,nan,nan,tensor(0.0021),nan,1e-06
31,1414,42.1607723236084,0.18995437026023865,nan,nan,tensor(0.0021),nan,1e-06
31,1415,42.18876528739929,0.19358253479003906,nan,nan,tensor(0.0021),nan,1e-06
31,1416,42.2149772644043,0.10331987589597702,nan,nan,tensor(0.0021),nan,1e-06
31,1417,42.242512226104736,0.1136469691991806,nan,nan,tensor(0.0021),nan,1e-06
31,1418,42.26904773712158,0.25501957535743713,nan,nan,tensor(0.0021),nan,1e-06
31,1419,42.296327114105225,0.17159779369831085,nan,nan,tensor(0.0021),nan,1e-06
31,1420,42.322516679763794,0.28631076216697693,nan,nan,tensor(0.0021),nan,1e-06
31,1421,42.34935545921326,0.2970905900001526,nan,nan,tensor(0.0021),nan,1e-06
31,1422,42.37632513046265,0.3273346722126007,nan,nan,tensor(0.0021),nan,1e-06
31,1423,42.40327715873718,0.22082042694091797,nan,nan,tensor(0.0021),nan,1e-06
31,1424,42.43208575248718,0.24813172221183777,nan,nan,tensor(0.0021),nan,1e-06
31,1425,42.46002435684204,0.28509438037872314,nan,nan,tensor(0.0021),nan,1e-06
31,1426,42.48856282234192,0.1509939432144165,nan,nan,tensor(0.0021),nan,1e-06
31,1427,42.516565561294556,0.17206743359565735,nan,nan,tensor(0.0021),nan,1e-06
31,1428,42.545429944992065,0.30097830295562744,nan,nan,tensor(0.0021),nan,1e-06
31,1429,42.573864698410034,0.30204275250434875,nan,nan,tensor(0.0021),nan,1e-06
31,1430,42.601845502853394,0.14264898002147675,nan,nan,tensor(0.0021),nan,1e-06
31,1431,42.63055181503296,0.2783057689666748,nan,nan,tensor(0.0021),nan,1e-06
31,1432,42.65921688079834,0.15208640694618225,nan,nan,tensor(0.0021),nan,1e-06
31,1433,42.68740487098694,0.23376622796058655,nan,nan,tensor(0.0021),nan,1e-06
31,1434,42.71569204330444,0.2722318470478058,nan,nan,tensor(0.0021),nan,1e-06
31,1435,42.744464635849,0.2466648668050766,nan,nan,tensor(0.0021),nan,1e-06
31,1436,42.77224922180176,0.18457375466823578,nan,nan,tensor(0.0021),nan,1e-06
31,1437,42.80132269859314,0.2629621624946594,nan,nan,tensor(0.0021),nan,1e-06
31,1438,42.83089351654053,0.23172613978385925,nan,nan,tensor(0.0021),nan,1e-06
31,1439,42.85879135131836,0.24602362513542175,nan,nan,tensor(0.0021),nan,1e-06
31,1440,42.88737225532532,0.2479100227355957,nan,nan,tensor(0.0021),nan,1e-06
31,1441,42.91579055786133,0.24180667102336884,nan,nan,tensor(0.0021),nan,1e-06
31,1442,42.945000648498535,0.18165059387683868,nan,nan,tensor(0.0021),nan,1e-06
31,1443,42.97571349143982,0.2164282649755478,nan,nan,tensor(0.0021),nan,1e-06
31,1444,43.00441360473633,0.14484964311122894,nan,nan,tensor(0.0021),nan,1e-06
31,1445,43.02889323234558,0.2197752445936203,nan,nan,tensor(0.0021),nan,1e-06
31,1446,43.05138278007507,0.19774463772773743,nan,nan,tensor(0.0021),nan,1e-06
31,1447,43.0757110118866,0.3152393400669098,nan,nan,tensor(0.0021),nan,1e-06
31,1448,43.100300550460815,0.23161591589450836,nan,nan,tensor(0.0021),nan,1e-06
31,1449,43.1245858669281,0.1586444079875946,nan,nan,tensor(0.0021),nan,1e-06
31,1450,43.147382497787476,0.15090665221214294,nan,nan,tensor(0.0021),nan,1e-06
31,1451,43.17194223403931,0.19534087181091309,nan,nan,tensor(0.0021),nan,1e-06
31,1452,43.19585037231445,0.21333597600460052,nan,nan,tensor(0.0021),nan,1e-06
31,1453,43.22075057029724,0.22325415909290314,nan,nan,tensor(0.0021),nan,1e-06
31,1454,43.2446506023407,0.23780524730682373,nan,nan,tensor(0.0021),nan,1e-06
31,1455,43.269205808639526,0.15374553203582764,nan,nan,tensor(0.0021),nan,1e-06
31,1456,43.29327583312988,0.19660554826259613,nan,nan,tensor(0.0021),nan,1e-06
31,1457,43.31802320480347,0.12219630926847458,nan,nan,tensor(0.0021),nan,1e-06
31,1458,43.50284671783447,0.15603400766849518,0.2171512322222933,0.36392501449584963,tensor(0.0021),tensor(0.0021),1e-06
32,1459,43.52577209472656,0.1157301738858223,nan,nan,tensor(0.0021),nan,1e-06
32,1460,43.55027627944946,0.23586007952690125,nan,nan,tensor(0.0021),nan,1e-06
32,1461,43.57407021522522,0.3642027974128723,nan,nan,tensor(0.0021),nan,1e-06
32,1462,43.5993595123291,0.2504952847957611,nan,nan,tensor(0.0021),nan,1e-06
32,1463,43.62454032897949,0.10996491461992264,nan,nan,tensor(0.0021),nan,1e-06
32,1464,43.65008521080017,0.16255614161491394,nan,nan,tensor(0.0021),nan,1e-06
32,1465,43.67503476142883,0.20424675941467285,nan,nan,tensor(0.0021),nan,1e-06
32,1466,43.7007954120636,0.21895578503608704,nan,nan,tensor(0.0021),nan,1e-06
32,1467,43.72594976425171,0.1229029968380928,nan,nan,tensor(0.0021),nan,1e-06
32,1468,43.75187277793884,0.14627718925476074,nan,nan,tensor(0.0021),nan,1e-06
32,1469,43.778104305267334,0.24099697172641754,nan,nan,tensor(0.0021),nan,1e-06
32,1470,43.8075213432312,0.22845527529716492,nan,nan,tensor(0.0021),nan,1e-06
32,1471,43.8413872718811,0.2770976424217224,nan,nan,tensor(0.0021),nan,1e-06
32,1472,43.86996102333069,0.15391571819782257,nan,nan,tensor(0.0021),nan,1e-06
32,1473,43.89942240715027,0.19429896771907806,nan,nan,tensor(0.0021),nan,1e-06
32,1474,43.927926778793335,0.15784218907356262,nan,nan,tensor(0.0021),nan,1e-06
32,1475,43.96138882637024,0.29243987798690796,nan,nan,tensor(0.0021),nan,1e-06
32,1476,43.990262269973755,0.2660181224346161,nan,nan,tensor(0.0021),nan,1e-06
32,1477,44.02064609527588,0.1989542692899704,nan,nan,tensor(0.0021),nan,1e-06
32,1478,44.04985213279724,0.24362142384052277,nan,nan,tensor(0.0021),nan,1e-06
32,1479,44.077922105789185,0.1445339173078537,nan,nan,tensor(0.0021),nan,1e-06
32,1480,44.1067955493927,0.22118419408798218,nan,nan,tensor(0.0021),nan,1e-06
32,1481,44.13273763656616,0.18239006400108337,nan,nan,tensor(0.0021),nan,1e-06
32,1482,44.15819835662842,0.19885623455047607,nan,nan,tensor(0.0021),nan,1e-06
32,1483,44.18407893180847,0.24456115067005157,nan,nan,tensor(0.0021),nan,1e-06
32,1484,44.20927119255066,0.29002031683921814,nan,nan,tensor(0.0021),nan,1e-06
32,1485,44.235044956207275,0.16518475115299225,nan,nan,tensor(0.0021),nan,1e-06
32,1486,44.25906491279602,0.16152192652225494,nan,nan,tensor(0.0021),nan,1e-06
32,1487,44.28481674194336,0.17572201788425446,nan,nan,tensor(0.0021),nan,1e-06
32,1488,44.30987286567688,0.19852647185325623,nan,nan,tensor(0.0021),nan,1e-06
32,1489,44.33558177947998,0.2834213674068451,nan,nan,tensor(0.0021),nan,1e-06
32,1490,44.36128759384155,0.2582755386829376,nan,nan,tensor(0.0021),nan,1e-06
32,1491,44.3875834941864,0.2587584853172302,nan,nan,tensor(0.0021),nan,1e-06
32,1492,44.41343879699707,0.22878578305244446,nan,nan,tensor(0.0021),nan,1e-06
32,1493,44.44009709358215,0.22680343687534332,nan,nan,tensor(0.0021),nan,1e-06
32,1494,44.4659366607666,0.2501312494277954,nan,nan,tensor(0.0021),nan,1e-06
32,1495,44.492488384246826,0.23502010107040405,nan,nan,tensor(0.0021),nan,1e-06
32,1496,44.51891803741455,0.22339004278182983,nan,nan,tensor(0.0021),nan,1e-06
32,1497,44.54604625701904,0.20850980281829834,nan,nan,tensor(0.0021),nan,1e-06
32,1498,44.57273721694946,0.25429296493530273,nan,nan,tensor(0.0021),nan,1e-06
32,1499,44.603574991226196,0.2714669406414032,nan,nan,tensor(0.0021),nan,1e-06
32,1500,44.63405776023865,0.19348682463169098,nan,nan,tensor(0.0021),nan,1e-06
32,1501,44.6648645401001,0.21681243181228638,nan,nan,tensor(0.0021),nan,1e-06
32,1502,44.69504690170288,0.1559385359287262,nan,nan,tensor(0.0021),nan,1e-06
32,1503,44.72694730758667,0.2450554370880127,nan,nan,tensor(0.0021),nan,1e-06
32,1504,44.758565187454224,0.22376017272472382,nan,nan,tensor(0.0021),nan,1e-06
32,1505,44.96497845649719,0.23712202906608582,0.2157098887131569,0.3610335674285889,tensor(0.0021),tensor(0.0021),1e-06
33,1506,44.99494504928589,0.2510526478290558,nan,nan,tensor(0.0021),nan,1e-06
33,1507,45.02722382545471,0.1832912266254425,nan,nan,tensor(0.0021),nan,1e-06
33,1508,45.058753490448,0.24032118916511536,nan,nan,tensor(0.0021),nan,1e-06
33,1509,45.090994119644165,0.2880592346191406,nan,nan,tensor(0.0021),nan,1e-06
33,1510,45.121137619018555,0.2181117832660675,nan,nan,tensor(0.0021),nan,1e-06
33,1511,45.153048038482666,0.1811472475528717,nan,nan,tensor(0.0021),nan,1e-06
33,1512,45.184051275253296,0.2105323076248169,nan,nan,tensor(0.0021),nan,1e-06
33,1513,45.215872049331665,0.18793931603431702,nan,nan,tensor(0.0021),nan,1e-06
33,1514,45.24703931808472,0.16599202156066895,nan,nan,tensor(0.0021),nan,1e-06
33,1515,45.27873253822327,0.18977344036102295,nan,nan,tensor(0.0021),nan,1e-06
33,1516,45.310805320739746,0.2783910930156708,nan,nan,tensor(0.0021),nan,1e-06
33,1517,45.342302560806274,0.18783706426620483,nan,nan,tensor(0.0021),nan,1e-06
33,1518,45.37391495704651,0.2565650939941406,nan,nan,tensor(0.0021),nan,1e-06
33,1519,45.404370069503784,0.21048438549041748,nan,nan,tensor(0.0021),nan,1e-06
33,1520,45.436341285705566,0.19471147656440735,nan,nan,tensor(0.0021),nan,1e-06
33,1521,45.46788692474365,0.19583489000797272,nan,nan,tensor(0.0021),nan,1e-06
33,1522,45.4998881816864,0.29963141679763794,nan,nan,tensor(0.0021),nan,1e-06
33,1523,45.53080940246582,0.17228534817695618,nan,nan,tensor(0.0021),nan,1e-06
33,1524,45.56239938735962,0.19474096596240997,nan,nan,tensor(0.0021),nan,1e-06
33,1525,45.59455752372742,0.3090347647666931,nan,nan,tensor(0.0021),nan,1e-06
33,1526,45.625876665115356,0.24953600764274597,nan,nan,tensor(0.0021),nan,1e-06
33,1527,45.65768218040466,0.21286046504974365,nan,nan,tensor(0.0021),nan,1e-06
33,1528,45.68889832496643,0.20366382598876953,nan,nan,tensor(0.0021),nan,1e-06
33,1529,45.719780921936035,0.2998522222042084,nan,nan,tensor(0.0021),nan,1e-06
33,1530,45.751771211624146,0.22054579854011536,nan,nan,tensor(0.0021),nan,1e-06
33,1531,45.78300666809082,0.16499339044094086,nan,nan,tensor(0.0021),nan,1e-06
33,1532,45.81475806236267,0.15844130516052246,nan,nan,tensor(0.0021),nan,1e-06
33,1533,45.84668254852295,0.20243453979492188,nan,nan,tensor(0.0021),nan,1e-06
33,1534,45.87820744514465,0.20233823359012604,nan,nan,tensor(0.0021),nan,1e-06
33,1535,45.90975308418274,0.22961272299289703,nan,nan,tensor(0.0021),nan,1e-06
33,1536,45.94131803512573,0.12371756881475449,nan,nan,tensor(0.0021),nan,1e-06
33,1537,45.976208209991455,0.2376481294631958,nan,nan,tensor(0.0021),nan,1e-06
33,1538,46.00657844543457,0.24954146146774292,nan,nan,tensor(0.0021),nan,1e-06
33,1539,46.03864002227783,0.1902616024017334,nan,nan,tensor(0.0021),nan,1e-06
33,1540,46.07066464424133,0.2082364857196808,nan,nan,tensor(0.0021),nan,1e-06
33,1541,46.10239005088806,0.311318963766098,nan,nan,tensor(0.0021),nan,1e-06
33,1542,46.134642601013184,0.17826099693775177,nan,nan,tensor(0.0021),nan,1e-06
33,1543,46.16572833061218,0.26999083161354065,nan,nan,tensor(0.0021),nan,1e-06
33,1544,46.197404861450195,0.20301420986652374,nan,nan,tensor(0.0021),nan,1e-06
33,1545,46.22804069519043,0.15224117040634155,nan,nan,tensor(0.0021),nan,1e-06
33,1546,46.254730224609375,0.1382993459701538,nan,nan,tensor(0.0021),nan,1e-06
33,1547,46.28205895423889,0.14859026670455933,nan,nan,tensor(0.0021),nan,1e-06
33,1548,46.30793237686157,0.2864779233932495,nan,nan,tensor(0.0021),nan,1e-06
33,1549,46.33480191230774,0.20329508185386658,nan,nan,tensor(0.0021),nan,1e-06
33,1550,46.36321997642517,0.1937071681022644,nan,nan,tensor(0.0021),nan,1e-06
33,1551,46.389683961868286,0.16134031116962433,nan,nan,tensor(0.0021),nan,1e-06
33,1552,46.59933161735535,0.22874291241168976,0.21371701819465516,0.3610808353424072,tensor(0.0021),tensor(0.0021),1e-06
34,1553,46.62440872192383,0.17033125460147858,nan,nan,tensor(0.0021),nan,1e-06
34,1554,46.651726484298706,0.12723161280155182,nan,nan,tensor(0.0021),nan,1e-06
34,1555,46.678914070129395,0.1582091748714447,nan,nan,tensor(0.0021),nan,1e-06
34,1556,46.705162525177,0.14866523444652557,nan,nan,tensor(0.0021),nan,1e-06
34,1557,46.732298374176025,0.2851642668247223,nan,nan,tensor(0.0021),nan,1e-06
34,1558,46.75887966156006,0.0917946845293045,nan,nan,tensor(0.0021),nan,1e-06
34,1559,46.784751653671265,0.23932425677776337,nan,nan,tensor(0.0021),nan,1e-06
34,1560,46.81122708320618,0.2576129138469696,nan,nan,tensor(0.0021),nan,1e-06
34,1561,46.83713722229004,0.14043653011322021,nan,nan,tensor(0.0021),nan,1e-06
34,1562,46.863786458969116,0.2468104064464569,nan,nan,tensor(0.0021),nan,1e-06
34,1563,46.8894681930542,0.20822960138320923,nan,nan,tensor(0.0021),nan,1e-06
34,1564,46.91724443435669,0.169456347823143,nan,nan,tensor(0.0021),nan,1e-06
34,1565,46.94438815116882,0.1464143693447113,nan,nan,tensor(0.0021),nan,1e-06
34,1566,46.97610116004944,0.27221405506134033,nan,nan,tensor(0.0021),nan,1e-06
34,1567,47.003944635391235,0.21202775835990906,nan,nan,tensor(0.0021),nan,1e-06
34,1568,47.03233742713928,0.2751007676124573,nan,nan,tensor(0.0021),nan,1e-06
34,1569,47.06054735183716,0.26170673966407776,nan,nan,tensor(0.0021),nan,1e-06
34,1570,47.08898067474365,0.15047243237495422,nan,nan,tensor(0.0021),nan,1e-06
34,1571,47.11726498603821,0.2612619996070862,nan,nan,tensor(0.0021),nan,1e-06
34,1572,47.14503192901611,0.27983567118644714,nan,nan,tensor(0.0021),nan,1e-06
34,1573,47.17717218399048,0.19508081674575806,nan,nan,tensor(0.0021),nan,1e-06
34,1574,47.208199977874756,0.27049964666366577,nan,nan,tensor(0.0021),nan,1e-06
34,1575,47.23969912528992,0.10681229829788208,nan,nan,tensor(0.0021),nan,1e-06
34,1576,47.27126502990723,0.20639556646347046,nan,nan,tensor(0.0021),nan,1e-06
34,1577,47.302669048309326,0.22096005082130432,nan,nan,tensor(0.0021),nan,1e-06
34,1578,47.33381700515747,0.1116209551692009,nan,nan,tensor(0.0021),nan,1e-06
34,1579,47.36532115936279,0.30145642161369324,nan,nan,tensor(0.0021),nan,1e-06
34,1580,47.39639663696289,0.23375943303108215,nan,nan,tensor(0.0021),nan,1e-06
34,1581,47.42839598655701,0.32757288217544556,nan,nan,tensor(0.0021),nan,1e-06
34,1582,47.460479736328125,0.23419076204299927,nan,nan,tensor(0.0021),nan,1e-06
34,1583,47.488974809646606,0.1821514219045639,nan,nan,tensor(0.0021),nan,1e-06
34,1584,47.51634478569031,0.18031035363674164,nan,nan,tensor(0.0021),nan,1e-06
34,1585,47.544718742370605,0.14786309003829956,nan,nan,tensor(0.0021),nan,1e-06
34,1586,47.57201814651489,0.21919763088226318,nan,nan,tensor(0.0021),nan,1e-06
34,1587,47.60141158103943,0.2229083925485611,nan,nan,tensor(0.0021),nan,1e-06
34,1588,47.62834620475769,0.2536517381668091,nan,nan,tensor(0.0021),nan,1e-06
34,1589,47.65650916099548,0.19414401054382324,nan,nan,tensor(0.0021),nan,1e-06
34,1590,47.684319734573364,0.24602565169334412,nan,nan,tensor(0.0021),nan,1e-06
34,1591,47.71325421333313,0.21094509959220886,nan,nan,tensor(0.0021),nan,1e-06
34,1592,47.74077558517456,0.21888059377670288,nan,nan,tensor(0.0021),nan,1e-06
34,1593,47.76956748962402,0.1715714931488037,nan,nan,tensor(0.0021),nan,1e-06
34,1594,47.802308559417725,0.19411282241344452,nan,nan,tensor(0.0021),nan,1e-06
34,1595,47.830721616744995,0.4139692187309265,nan,nan,tensor(0.0021),nan,1e-06
34,1596,47.85806179046631,0.2780376970767975,nan,nan,tensor(0.0021),nan,1e-06
34,1597,47.885579109191895,0.16680321097373962,nan,nan,tensor(0.0021),nan,1e-06
34,1598,47.91321873664856,0.18947094678878784,nan,nan,tensor(0.0021),nan,1e-06
34,1599,48.119699001312256,0.16464069485664368,0.21202836122284544,0.36210833740234377,tensor(0.0021),tensor(0.0021),1e-06
35,1600,48.147676944732666,0.3099532723426819,nan,nan,tensor(0.0021),nan,1e-06
35,1601,48.17924475669861,0.24026009440422058,nan,nan,tensor(0.0021),nan,1e-06
35,1602,48.209195613861084,0.1708429753780365,nan,nan,tensor(0.0021),nan,1e-06
35,1603,48.23825430870056,0.23296329379081726,nan,nan,tensor(0.0021),nan,1e-06
35,1604,48.267518281936646,0.17931661009788513,nan,nan,tensor(0.0021),nan,1e-06
35,1605,48.29731726646423,0.254299134016037,nan,nan,tensor(0.0021),nan,1e-06
35,1606,48.326101541519165,0.2255130112171173,nan,nan,tensor(0.0021),nan,1e-06
35,1607,48.354928731918335,0.18923625349998474,nan,nan,tensor(0.0021),nan,1e-06
35,1608,48.38521385192871,0.18406791985034943,nan,nan,tensor(0.0021),nan,1e-06
35,1609,48.41493058204651,0.337746798992157,nan,nan,tensor(0.0021),nan,1e-06
35,1610,48.44492173194885,0.1919662207365036,nan,nan,tensor(0.0021),nan,1e-06
35,1611,48.4751091003418,0.294158399105072,nan,nan,tensor(0.0021),nan,1e-06
35,1612,48.50678896903992,0.18336892127990723,nan,nan,tensor(0.0021),nan,1e-06
35,1613,48.53612208366394,0.15917959809303284,nan,nan,tensor(0.0021),nan,1e-06
35,1614,48.567076206207275,0.2420632690191269,nan,nan,tensor(0.0021),nan,1e-06
35,1615,48.59645485877991,0.1862039715051651,nan,nan,tensor(0.0021),nan,1e-06
35,1616,48.62736129760742,0.20088531076908112,nan,nan,tensor(0.0021),nan,1e-06
35,1617,48.656646490097046,0.17828893661499023,nan,nan,tensor(0.0021),nan,1e-06
35,1618,48.68704390525818,0.1657038927078247,nan,nan,tensor(0.0021),nan,1e-06
35,1619,48.71743559837341,0.2435486614704132,nan,nan,tensor(0.0021),nan,1e-06
35,1620,48.748401165008545,0.1986016035079956,nan,nan,tensor(0.0021),nan,1e-06
35,1621,48.77825999259949,0.13277724385261536,nan,nan,tensor(0.0021),nan,1e-06
35,1622,48.809776067733765,0.14246933162212372,nan,nan,tensor(0.0021),nan,1e-06
35,1623,48.840672969818115,0.17221581935882568,nan,nan,tensor(0.0021),nan,1e-06
35,1624,48.872477293014526,0.2631526589393616,nan,nan,tensor(0.0021),nan,1e-06
35,1625,48.90405058860779,0.2315761148929596,nan,nan,tensor(0.0021),nan,1e-06
35,1626,48.93596577644348,0.2555587589740753,nan,nan,tensor(0.0021),nan,1e-06
35,1627,48.966888427734375,0.14132164418697357,nan,nan,tensor(0.0021),nan,1e-06
35,1628,48.996281147003174,0.16326895356178284,nan,nan,tensor(0.0021),nan,1e-06
35,1629,49.02742576599121,0.2582627236843109,nan,nan,tensor(0.0021),nan,1e-06
35,1630,49.05845093727112,0.22888751327991486,nan,nan,tensor(0.0021),nan,1e-06
35,1631,49.08758568763733,0.2658465802669525,nan,nan,tensor(0.0021),nan,1e-06
35,1632,49.120112895965576,0.2062218189239502,nan,nan,tensor(0.0021),nan,1e-06
35,1633,49.14952898025513,0.2045133262872696,nan,nan,tensor(0.0021),nan,1e-06
35,1634,49.179343461990356,0.2422882467508316,nan,nan,tensor(0.0021),nan,1e-06
35,1635,49.20865488052368,0.1861196756362915,nan,nan,tensor(0.0021),nan,1e-06
35,1636,49.23891019821167,0.18434876203536987,nan,nan,tensor(0.0021),nan,1e-06
35,1637,49.26828575134277,0.251102089881897,nan,nan,tensor(0.0021),nan,1e-06
35,1638,49.298794984817505,0.22143258154392242,nan,nan,tensor(0.0021),nan,1e-06
35,1639,49.32852530479431,0.15468421578407288,nan,nan,tensor(0.0021),nan,1e-06
35,1640,49.35918426513672,0.1655440628528595,nan,nan,tensor(0.0021),nan,1e-06
35,1641,49.38841152191162,0.23778913915157318,nan,nan,tensor(0.0021),nan,1e-06
35,1642,49.4189567565918,0.19121739268302917,nan,nan,tensor(0.0021),nan,1e-06
35,1643,49.44852161407471,0.24641558527946472,nan,nan,tensor(0.0021),nan,1e-06
35,1644,49.47903323173523,0.23796483874320984,nan,nan,tensor(0.0021),nan,1e-06
35,1645,49.5084023475647,0.1515999287366867,nan,nan,tensor(0.0021),nan,1e-06
35,1646,49.702696323394775,0.19382987916469574,0.21060802201007275,0.362524959564209,tensor(0.0021),tensor(0.0021),1e-06
36,1647,49.73002243041992,0.19272181391716003,nan,nan,tensor(0.0021),nan,1e-06
36,1648,49.759012937545776,0.17975850403308868,nan,nan,tensor(0.0021),nan,1e-06
36,1649,49.785653591156006,0.25372743606567383,nan,nan,tensor(0.0021),nan,1e-06
36,1650,49.81252408027649,0.2524694800376892,nan,nan,tensor(0.0021),nan,1e-06
36,1651,49.83924150466919,0.17803797125816345,nan,nan,tensor(0.0021),nan,1e-06
36,1652,49.86690330505371,0.21505995094776154,nan,nan,tensor(0.0021),nan,1e-06
36,1653,49.89445757865906,0.261287659406662,nan,nan,tensor(0.0021),nan,1e-06
36,1654,49.92040729522705,0.1583528220653534,nan,nan,tensor(0.0021),nan,1e-06
36,1655,49.948561906814575,0.1595805287361145,nan,nan,tensor(0.0021),nan,1e-06
36,1656,49.975404024124146,0.24126139283180237,nan,nan,tensor(0.0021),nan,1e-06
36,1657,50.002439737319946,0.23915159702301025,nan,nan,tensor(0.0021),nan,1e-06
36,1658,50.0286819934845,0.2527916729450226,nan,nan,tensor(0.0021),nan,1e-06
36,1659,50.05600142478943,0.262105792760849,nan,nan,tensor(0.0021),nan,1e-06
36,1660,50.082749128341675,0.2722480893135071,nan,nan,tensor(0.0021),nan,1e-06
36,1661,50.1089231967926,0.2044374942779541,nan,nan,tensor(0.0021),nan,1e-06
36,1662,50.13696551322937,0.2539912164211273,nan,nan,tensor(0.0021),nan,1e-06
36,1663,50.16424751281738,0.10653119534254074,nan,nan,tensor(0.0021),nan,1e-06
36,1664,50.19335317611694,0.24994954466819763,nan,nan,tensor(0.0021),nan,1e-06
36,1665,50.22179937362671,0.22488221526145935,nan,nan,tensor(0.0021),nan,1e-06
36,1666,50.249147176742554,0.17049074172973633,nan,nan,tensor(0.0021),nan,1e-06
36,1667,50.277671813964844,0.2687634825706482,nan,nan,tensor(0.0021),nan,1e-06
36,1668,50.30556344985962,0.2756882905960083,nan,nan,tensor(0.0021),nan,1e-06
36,1669,50.33280873298645,0.19458246231079102,nan,nan,tensor(0.0021),nan,1e-06
36,1670,50.360456705093384,0.17901742458343506,nan,nan,tensor(0.0021),nan,1e-06
36,1671,50.387410163879395,0.16825298964977264,nan,nan,tensor(0.0021),nan,1e-06
36,1672,50.414799213409424,0.1422230303287506,nan,nan,tensor(0.0021),nan,1e-06
36,1673,50.44085144996643,0.29987242817878723,nan,nan,tensor(0.0021),nan,1e-06
36,1674,50.46771836280823,0.20347349345684052,nan,nan,tensor(0.0021),nan,1e-06
36,1675,50.49701523780823,0.19022001326084137,nan,nan,tensor(0.0021),nan,1e-06
36,1676,50.52543354034424,0.17844748497009277,nan,nan,tensor(0.0021),nan,1e-06
36,1677,50.55222678184509,0.22148123383522034,nan,nan,tensor(0.0021),nan,1e-06
36,1678,50.579426527023315,0.1660715937614441,nan,nan,tensor(0.0021),nan,1e-06
36,1679,50.60595726966858,0.11858947575092316,nan,nan,tensor(0.0021),nan,1e-06
36,1680,50.63340759277344,0.21077311038970947,nan,nan,tensor(0.0021),nan,1e-06
36,1681,50.66227984428406,0.17598505318164825,nan,nan,tensor(0.0021),nan,1e-06
36,1682,50.69001531600952,0.2409067153930664,nan,nan,tensor(0.0021),nan,1e-06
36,1683,50.71866774559021,0.20476296544075012,nan,nan,tensor(0.0021),nan,1e-06
36,1684,50.74636149406433,0.1687214970588684,nan,nan,tensor(0.0021),nan,1e-06
36,1685,50.77200794219971,0.19980163872241974,nan,nan,tensor(0.0021),nan,1e-06
36,1686,50.798256635665894,0.11166957020759583,nan,nan,tensor(0.0021),nan,1e-06
36,1687,50.82341146469116,0.23182667791843414,nan,nan,tensor(0.0021),nan,1e-06
36,1688,50.84902763366699,0.1639956831932068,nan,nan,tensor(0.0021),nan,1e-06
36,1689,50.87402009963989,0.33042532205581665,nan,nan,tensor(0.0021),nan,1e-06
36,1690,50.89980459213257,0.20471584796905518,nan,nan,tensor(0.0021),nan,1e-06
36,1691,50.92523670196533,0.19857639074325562,nan,nan,tensor(0.0021),nan,1e-06
36,1692,50.95509481430054,0.18285630643367767,nan,nan,tensor(0.0021),nan,1e-06
36,1693,51.1394681930542,0.262542188167572,0.2090016912589682,0.3616302909851074,tensor(0.0021),tensor(0.0021),1e-06
37,1694,51.16275095939636,0.32635319232940674,nan,nan,tensor(0.0021),nan,1e-06
37,1695,51.188573122024536,0.18537022173404694,nan,nan,tensor(0.0021),nan,1e-06
37,1696,51.21398162841797,0.15762633085250854,nan,nan,tensor(0.0021),nan,1e-06
37,1697,51.24335169792175,0.14290346205234528,nan,nan,tensor(0.0021),nan,1e-06
37,1698,51.280725717544556,0.19655805826187134,nan,nan,tensor(0.0021),nan,1e-06
37,1699,51.30996608734131,0.29122117161750793,nan,nan,tensor(0.0021),nan,1e-06
37,1700,51.338048458099365,0.31330081820487976,nan,nan,tensor(0.0021),nan,1e-06
37,1701,51.36705279350281,0.16141679883003235,nan,nan,tensor(0.0021),nan,1e-06
37,1702,51.394588232040405,0.21671777963638306,nan,nan,tensor(0.0021),nan,1e-06
37,1703,51.42335844039917,0.24861961603164673,nan,nan,tensor(0.0021),nan,1e-06
37,1704,51.4519784450531,0.20741921663284302,nan,nan,tensor(0.0021),nan,1e-06
37,1705,51.480517625808716,0.12844416499137878,nan,nan,tensor(0.0021),nan,1e-06
37,1706,51.50903558731079,0.17797338962554932,nan,nan,tensor(0.0021),nan,1e-06
37,1707,51.537609815597534,0.16087529063224792,nan,nan,tensor(0.0021),nan,1e-06
37,1708,51.56668829917908,0.18041536211967468,nan,nan,tensor(0.0021),nan,1e-06
37,1709,51.59570336341858,0.2578473687171936,nan,nan,tensor(0.0021),nan,1e-06
37,1710,51.62402296066284,0.26685631275177,nan,nan,tensor(0.0021),nan,1e-06
37,1711,51.653008222579956,0.30665671825408936,nan,nan,tensor(0.0021),nan,1e-06
37,1712,51.68205738067627,0.178035169839859,nan,nan,tensor(0.0021),nan,1e-06
37,1713,51.70991277694702,0.2021666169166565,nan,nan,tensor(0.0021),nan,1e-06
37,1714,51.73863101005554,0.1970946192741394,nan,nan,tensor(0.0021),nan,1e-06
37,1715,51.766892433166504,0.2689632177352905,nan,nan,tensor(0.0021),nan,1e-06
37,1716,51.796287298202515,0.16247344017028809,nan,nan,tensor(0.0021),nan,1e-06
37,1717,51.82466650009155,0.23398539423942566,nan,nan,tensor(0.0021),nan,1e-06
37,1718,51.853925943374634,0.27792584896087646,nan,nan,tensor(0.0021),nan,1e-06
37,1719,51.883291244506836,0.17640873789787292,nan,nan,tensor(0.0021),nan,1e-06
37,1720,51.91186833381653,0.16107627749443054,nan,nan,tensor(0.0021),nan,1e-06
37,1721,51.94097900390625,0.23732085525989532,nan,nan,tensor(0.0021),nan,1e-06
37,1722,51.97280979156494,0.30051907896995544,nan,nan,tensor(0.0021),nan,1e-06
37,1723,52.00152611732483,0.13493868708610535,nan,nan,tensor(0.0021),nan,1e-06
37,1724,52.03036880493164,0.14865505695343018,nan,nan,tensor(0.0021),nan,1e-06
37,1725,52.058847188949585,0.09153561294078827,nan,nan,tensor(0.0021),nan,1e-06
37,1726,52.08769106864929,0.15565276145935059,nan,nan,tensor(0.0021),nan,1e-06
37,1727,52.11543798446655,0.1654469519853592,nan,nan,tensor(0.0021),nan,1e-06
37,1728,52.14421987533569,0.17361463606357574,nan,nan,tensor(0.0021),nan,1e-06
37,1729,52.17200970649719,0.2561666965484619,nan,nan,tensor(0.0021),nan,1e-06
37,1730,52.20033550262451,0.13245049118995667,nan,nan,tensor(0.0021),nan,1e-06
37,1731,52.22862696647644,0.13253775238990784,nan,nan,tensor(0.0021),nan,1e-06
37,1732,52.256991386413574,0.18156251311302185,nan,nan,tensor(0.0021),nan,1e-06
37,1733,52.28545379638672,0.2458534836769104,nan,nan,tensor(0.0021),nan,1e-06
37,1734,52.31404638290405,0.12212792038917542,nan,nan,tensor(0.0021),nan,1e-06
37,1735,52.34167957305908,0.20067836344242096,nan,nan,tensor(0.0021),nan,1e-06
37,1736,52.37016797065735,0.27737191319465637,nan,nan,tensor(0.0021),nan,1e-06
37,1737,52.39834141731262,0.27913472056388855,nan,nan,tensor(0.0021),nan,1e-06
37,1738,52.426982164382935,0.2595335841178894,nan,nan,tensor(0.0021),nan,1e-06
37,1739,52.454248666763306,0.3390452265739441,nan,nan,tensor(0.0021),nan,1e-06
37,1740,52.63790678977966,0.14113225042819977,0.20765921600321505,0.36090204429626466,tensor(0.0021),tensor(0.0021),1e-06
38,1741,52.6639666557312,0.12271271646022797,nan,nan,tensor(0.0021),nan,1e-06
38,1742,52.688626527786255,0.2676432132720947,nan,nan,tensor(0.0021),nan,1e-06
38,1743,52.71639037132263,0.26393866539001465,nan,nan,tensor(0.0021),nan,1e-06
38,1744,52.74100041389465,0.22231504321098328,nan,nan,tensor(0.0021),nan,1e-06
38,1745,52.769216775894165,0.27269381284713745,nan,nan,tensor(0.0021),nan,1e-06
38,1746,52.794084548950195,0.1180068850517273,nan,nan,tensor(0.0021),nan,1e-06
38,1747,52.82160234451294,0.17900556325912476,nan,nan,tensor(0.0021),nan,1e-06
38,1748,52.84653639793396,0.20921850204467773,nan,nan,tensor(0.0021),nan,1e-06
38,1749,52.88976812362671,0.12257026880979538,nan,nan,tensor(0.0021),nan,1e-06
38,1750,52.91344499588013,0.18012787401676178,nan,nan,tensor(0.0021),nan,1e-06
38,1751,52.938703536987305,0.2392021119594574,nan,nan,tensor(0.0021),nan,1e-06
38,1752,52.962576389312744,0.1533980816602707,nan,nan,tensor(0.0021),nan,1e-06
38,1753,52.98755669593811,0.26255032420158386,nan,nan,tensor(0.0021),nan,1e-06
38,1754,53.011906147003174,0.23695655167102814,nan,nan,tensor(0.0021),nan,1e-06
38,1755,53.0375759601593,0.1806117743253708,nan,nan,tensor(0.0021),nan,1e-06
38,1756,53.061797857284546,0.20282624661922455,nan,nan,tensor(0.0021),nan,1e-06
38,1757,53.086451292037964,0.20331458747386932,nan,nan,tensor(0.0021),nan,1e-06
38,1758,53.11002731323242,0.19531822204589844,nan,nan,tensor(0.0021),nan,1e-06
38,1759,53.13466238975525,0.13602054119110107,nan,nan,tensor(0.0021),nan,1e-06
38,1760,53.158361196517944,0.1851440966129303,nan,nan,tensor(0.0021),nan,1e-06
38,1761,53.18366813659668,0.21967476606369019,nan,nan,tensor(0.0021),nan,1e-06
38,1762,53.20801281929016,0.17353269457817078,nan,nan,tensor(0.0021),nan,1e-06
38,1763,53.23287916183472,0.17100462317466736,nan,nan,tensor(0.0021),nan,1e-06
38,1764,53.257426738739014,0.2046077847480774,nan,nan,tensor(0.0021),nan,1e-06
38,1765,53.2803692817688,0.1449631005525589,nan,nan,tensor(0.0021),nan,1e-06
38,1766,53.30593132972717,0.2579631209373474,nan,nan,tensor(0.0021),nan,1e-06
38,1767,53.33011555671692,0.28246015310287476,nan,nan,tensor(0.0021),nan,1e-06
38,1768,53.35471510887146,0.321960985660553,nan,nan,tensor(0.0021),nan,1e-06
38,1769,53.37857007980347,0.22518843412399292,nan,nan,tensor(0.0021),nan,1e-06
38,1770,53.403589963912964,0.2048250287771225,nan,nan,tensor(0.0021),nan,1e-06
38,1771,53.42805767059326,0.1178884282708168,nan,nan,tensor(0.0021),nan,1e-06
38,1772,53.45342516899109,0.218533456325531,nan,nan,tensor(0.0021),nan,1e-06
38,1773,53.47868275642395,0.21833474934101105,nan,nan,tensor(0.0021),nan,1e-06
38,1774,53.504531383514404,0.14631129801273346,nan,nan,tensor(0.0021),nan,1e-06
38,1775,53.530035734176636,0.26462873816490173,nan,nan,tensor(0.0021),nan,1e-06
38,1776,53.55638313293457,0.267060250043869,nan,nan,tensor(0.0021),nan,1e-06
38,1777,53.585464000701904,0.31579795479774475,nan,nan,tensor(0.0021),nan,1e-06
38,1778,53.61424374580383,0.21290524303913116,nan,nan,tensor(0.0021),nan,1e-06
38,1779,53.64259099960327,0.16130557656288147,nan,nan,tensor(0.0021),nan,1e-06
38,1780,53.671590089797974,0.14954407513141632,nan,nan,tensor(0.0021),nan,1e-06
38,1781,53.70053791999817,0.26478201150894165,nan,nan,tensor(0.0021),nan,1e-06
38,1782,53.72951650619507,0.18449732661247253,nan,nan,tensor(0.0021),nan,1e-06
38,1783,53.75854969024658,0.14287051558494568,nan,nan,tensor(0.0021),nan,1e-06
38,1784,53.786306381225586,0.23461252450942993,nan,nan,tensor(0.0021),nan,1e-06
38,1785,53.81485414505005,0.20465660095214844,nan,nan,tensor(0.0021),nan,1e-06
38,1786,53.84238791465759,0.2730062007904053,nan,nan,tensor(0.0021),nan,1e-06
38,1787,54.03186345100403,0.1326388120651245,0.20572616033097532,0.3606225280761719,tensor(0.0021),tensor(0.0021),1e-06
39,1788,54.05535912513733,0.20364385843276978,nan,nan,tensor(0.0021),nan,1e-06
39,1789,54.07868576049805,0.1858050376176834,nan,nan,tensor(0.0021),nan,1e-06
39,1790,54.1027135848999,0.24828460812568665,nan,nan,tensor(0.0021),nan,1e-06
39,1791,54.12598705291748,0.16628676652908325,nan,nan,tensor(0.0021),nan,1e-06
39,1792,54.149871587753296,0.16833993792533875,nan,nan,tensor(0.0021),nan,1e-06
39,1793,54.1730842590332,0.15979847311973572,nan,nan,tensor(0.0021),nan,1e-06
39,1794,54.19762921333313,0.2223527431488037,nan,nan,tensor(0.0021),nan,1e-06
39,1795,54.22133660316467,0.2446090281009674,nan,nan,tensor(0.0021),nan,1e-06
39,1796,54.24635076522827,0.1542920023202896,nan,nan,tensor(0.0021),nan,1e-06
39,1797,54.26955580711365,0.25043192505836487,nan,nan,tensor(0.0021),nan,1e-06
39,1798,54.29346966743469,0.15357518196105957,nan,nan,tensor(0.0021),nan,1e-06
39,1799,54.31677198410034,0.252297580242157,nan,nan,tensor(0.0021),nan,1e-06
39,1800,54.34162759780884,0.27093929052352905,nan,nan,tensor(0.0021),nan,1e-06
39,1801,54.36479949951172,0.17656947672367096,nan,nan,tensor(0.0021),nan,1e-06
39,1802,54.388983488082886,0.24659141898155212,nan,nan,tensor(0.0021),nan,1e-06
39,1803,54.415876150131226,0.20739002525806427,nan,nan,tensor(0.0021),nan,1e-06
39,1804,54.44387888908386,0.1936158835887909,nan,nan,tensor(0.0021),nan,1e-06
39,1805,54.47128772735596,0.1352832317352295,nan,nan,tensor(0.0021),nan,1e-06
39,1806,54.49806594848633,0.21419505774974823,nan,nan,tensor(0.0021),nan,1e-06
39,1807,54.524999141693115,0.13835114240646362,nan,nan,tensor(0.0021),nan,1e-06
39,1808,54.5528724193573,0.17431163787841797,nan,nan,tensor(0.0021),nan,1e-06
39,1809,54.5793092250824,0.21920667588710785,nan,nan,tensor(0.0021),nan,1e-06
39,1810,54.60572671890259,0.16883572936058044,nan,nan,tensor(0.0021),nan,1e-06
39,1811,54.632930278778076,0.26949673891067505,nan,nan,tensor(0.0021),nan,1e-06
39,1812,54.66043138504028,0.2528364658355713,nan,nan,tensor(0.0021),nan,1e-06
39,1813,54.686888694763184,0.20748373866081238,nan,nan,tensor(0.0021),nan,1e-06
39,1814,54.71436142921448,0.1356217861175537,nan,nan,tensor(0.0021),nan,1e-06
39,1815,54.74068307876587,0.32297539710998535,nan,nan,tensor(0.0021),nan,1e-06
39,1816,54.76871085166931,0.11658487468957901,nan,nan,tensor(0.0021),nan,1e-06
39,1817,54.798436641693115,0.1605864018201828,nan,nan,tensor(0.0021),nan,1e-06
39,1818,54.82594633102417,0.23150518536567688,nan,nan,tensor(0.0021),nan,1e-06
39,1819,54.85287857055664,0.18660293519496918,nan,nan,tensor(0.0021),nan,1e-06
39,1820,54.88039946556091,0.20168264210224152,nan,nan,tensor(0.0021),nan,1e-06
39,1821,54.907960414886475,0.2345300316810608,nan,nan,tensor(0.0021),nan,1e-06
39,1822,54.936442136764526,0.29733553528785706,nan,nan,tensor(0.0021),nan,1e-06
39,1823,54.96792435646057,0.17922838032245636,nan,nan,tensor(0.0021),nan,1e-06
39,1824,54.99443507194519,0.3022240102291107,nan,nan,tensor(0.0021),nan,1e-06
39,1825,55.022844552993774,0.1222243681550026,nan,nan,tensor(0.0021),nan,1e-06
39,1826,55.049532651901245,0.17823520302772522,nan,nan,tensor(0.0021),nan,1e-06
39,1827,55.078009605407715,0.17790938913822174,nan,nan,tensor(0.0021),nan,1e-06
39,1828,55.10621476173401,0.23352059721946716,nan,nan,tensor(0.0021),nan,1e-06
39,1829,55.13550925254822,0.21101751923561096,nan,nan,tensor(0.0021),nan,1e-06
39,1830,55.1646089553833,0.24304214119911194,nan,nan,tensor(0.0021),nan,1e-06
39,1831,55.19247031211853,0.3642541766166687,nan,nan,tensor(0.0021),nan,1e-06
39,1832,55.228907108306885,0.1553228497505188,nan,nan,tensor(0.0021),nan,1e-06
39,1833,55.25792098045349,0.14286679029464722,nan,nan,tensor(0.0021),nan,1e-06
39,1834,55.45014023780823,0.12810228765010834,0.20447225868701935,0.3600898628234863,tensor(0.0021),tensor(0.0021),1e-06
40,1835,55.475887060165405,0.21695971488952637,nan,nan,tensor(0.0021),nan,1e-06
40,1836,55.5045268535614,0.23636744916439056,nan,nan,tensor(0.0021),nan,1e-06
40,1837,55.53372883796692,0.2015020251274109,nan,nan,tensor(0.0021),nan,1e-06
40,1838,55.56244373321533,0.1663554310798645,nan,nan,tensor(0.0021),nan,1e-06
40,1839,55.591269969940186,0.22585731744766235,nan,nan,tensor(0.0021),nan,1e-06
40,1840,55.61904287338257,0.1611560881137848,nan,nan,tensor(0.0021),nan,1e-06
40,1841,55.64768028259277,0.26470792293548584,nan,nan,tensor(0.0021),nan,1e-06
40,1842,55.67637753486633,0.25726962089538574,nan,nan,tensor(0.0021),nan,1e-06
40,1843,55.70606184005737,0.1580253541469574,nan,nan,tensor(0.0021),nan,1e-06
40,1844,55.733346700668335,0.2930240035057068,nan,nan,tensor(0.0021),nan,1e-06
40,1845,55.76193571090698,0.3111441731452942,nan,nan,tensor(0.0021),nan,1e-06
40,1846,55.78984022140503,0.20286458730697632,nan,nan,tensor(0.0021),nan,1e-06
40,1847,55.818443775177,0.2077040672302246,nan,nan,tensor(0.0021),nan,1e-06
40,1848,55.84658718109131,0.17217524349689484,nan,nan,tensor(0.0021),nan,1e-06
40,1849,55.87529134750366,0.18763628602027893,nan,nan,tensor(0.0021),nan,1e-06
40,1850,55.90358352661133,0.16704830527305603,nan,nan,tensor(0.0021),nan,1e-06
40,1851,55.932384967803955,0.2026037573814392,nan,nan,tensor(0.0021),nan,1e-06
40,1852,55.96447515487671,0.16709765791893005,nan,nan,tensor(0.0021),nan,1e-06
40,1853,55.98934578895569,0.22821681201457977,nan,nan,tensor(0.0021),nan,1e-06
40,1854,56.0139946937561,0.2631583511829376,nan,nan,tensor(0.0021),nan,1e-06
40,1855,56.04356503486633,0.26495927572250366,nan,nan,tensor(0.0021),nan,1e-06
40,1856,56.06822228431702,0.2778335213661194,nan,nan,tensor(0.0021),nan,1e-06
40,1857,56.09284043312073,0.29532694816589355,nan,nan,tensor(0.0021),nan,1e-06
40,1858,56.117605686187744,0.11882083863019943,nan,nan,tensor(0.0021),nan,1e-06
40,1859,56.142218589782715,0.2011556625366211,nan,nan,tensor(0.0021),nan,1e-06
40,1860,56.16638517379761,0.2316063642501831,nan,nan,tensor(0.0021),nan,1e-06
40,1861,56.19122672080994,0.20789527893066406,nan,nan,tensor(0.0021),nan,1e-06
40,1862,56.21574854850769,0.23616823554039001,nan,nan,tensor(0.0021),nan,1e-06
40,1863,56.240506649017334,0.16301152110099792,nan,nan,tensor(0.0021),nan,1e-06
40,1864,56.26527118682861,0.23725056648254395,nan,nan,tensor(0.0021),nan,1e-06
40,1865,56.2879638671875,0.1690116971731186,nan,nan,tensor(0.0021),nan,1e-06
40,1866,56.31249642372131,0.1766938716173172,nan,nan,tensor(0.0021),nan,1e-06
40,1867,56.33630990982056,0.17271265387535095,nan,nan,tensor(0.0021),nan,1e-06
40,1868,56.360676765441895,0.1118721067905426,nan,nan,tensor(0.0021),nan,1e-06
40,1869,56.384817361831665,0.21358391642570496,nan,nan,tensor(0.0021),nan,1e-06
40,1870,56.41603350639343,0.1794344186782837,nan,nan,tensor(0.0021),nan,1e-06
40,1871,56.442230224609375,0.2347356081008911,nan,nan,tensor(0.0021),nan,1e-06
40,1872,56.4678795337677,0.16485321521759033,nan,nan,tensor(0.0021),nan,1e-06
40,1873,56.49390649795532,0.23802632093429565,nan,nan,tensor(0.0021),nan,1e-06
40,1874,56.51985549926758,0.19369369745254517,nan,nan,tensor(0.0021),nan,1e-06
40,1875,56.545504331588745,0.1515791118144989,nan,nan,tensor(0.0021),nan,1e-06
40,1876,56.571040391922,0.19328373670578003,nan,nan,tensor(0.0021),nan,1e-06
40,1877,56.59684371948242,0.210727721452713,nan,nan,tensor(0.0021),nan,1e-06
40,1878,56.62172341346741,0.11397282779216766,nan,nan,tensor(0.0021),nan,1e-06
40,1879,56.65038871765137,0.12030274420976639,nan,nan,tensor(0.0021),nan,1e-06
40,1880,56.6785306930542,0.2162974774837494,nan,nan,tensor(0.0021),nan,1e-06
40,1881,56.871517181396484,0.1572100669145584,0.20304028880088887,0.3597952060699463,tensor(0.0021),tensor(0.0021),1e-06
41,1882,56.89719605445862,0.1322011798620224,nan,nan,tensor(0.0021),nan,1e-06
41,1883,56.92617702484131,0.21505388617515564,nan,nan,tensor(0.0021),nan,1e-06
41,1884,56.958489418029785,0.15626466274261475,nan,nan,tensor(0.0021),nan,1e-06
41,1885,56.987454414367676,0.06793694198131561,nan,nan,tensor(0.0021),nan,1e-06
41,1886,57.015655517578125,0.20417997241020203,nan,nan,tensor(0.0021),nan,1e-06
41,1887,57.04401469230652,0.2462945282459259,nan,nan,tensor(0.0021),nan,1e-06
41,1888,57.07186532020569,0.23331640660762787,nan,nan,tensor(0.0021),nan,1e-06
41,1889,57.09756922721863,0.15153977274894714,nan,nan,tensor(0.0021),nan,1e-06
41,1890,57.12271332740784,0.2001883089542389,nan,nan,tensor(0.0021),nan,1e-06
41,1891,57.1486382484436,0.12767690420150757,nan,nan,tensor(0.0021),nan,1e-06
41,1892,57.17352223396301,0.16486088931560516,nan,nan,tensor(0.0021),nan,1e-06
41,1893,57.19935584068298,0.13837069272994995,nan,nan,tensor(0.0021),nan,1e-06
41,1894,57.2249710559845,0.16337746381759644,nan,nan,tensor(0.0021),nan,1e-06
41,1895,57.25085997581482,0.20956552028656006,nan,nan,tensor(0.0021),nan,1e-06
41,1896,57.275556802749634,0.163734570145607,nan,nan,tensor(0.0021),nan,1e-06
41,1897,57.3011589050293,0.1701265275478363,nan,nan,tensor(0.0021),nan,1e-06
41,1898,57.327776193618774,0.24534568190574646,nan,nan,tensor(0.0021),nan,1e-06
41,1899,57.35360074043274,0.2799791693687439,nan,nan,tensor(0.0021),nan,1e-06
41,1900,57.378777265548706,0.1608770191669464,nan,nan,tensor(0.0021),nan,1e-06
41,1901,57.40450954437256,0.15477299690246582,nan,nan,tensor(0.0021),nan,1e-06
41,1902,57.429582595825195,0.13493116199970245,nan,nan,tensor(0.0021),nan,1e-06
41,1903,57.455811738967896,0.26070424914360046,nan,nan,tensor(0.0021),nan,1e-06
41,1904,57.48255515098572,0.21842944622039795,nan,nan,tensor(0.0021),nan,1e-06
41,1905,57.508551836013794,0.18619388341903687,nan,nan,tensor(0.0021),nan,1e-06
41,1906,57.5332453250885,0.27934589982032776,nan,nan,tensor(0.0021),nan,1e-06
41,1907,57.559555768966675,0.2335171103477478,nan,nan,tensor(0.0021),nan,1e-06
41,1908,57.58517098426819,0.30739879608154297,nan,nan,tensor(0.0021),nan,1e-06
41,1909,57.614256143569946,0.18439196050167084,nan,nan,tensor(0.0021),nan,1e-06
41,1910,57.642800092697144,0.18937551975250244,nan,nan,tensor(0.0021),nan,1e-06
41,1911,57.67172837257385,0.15593227744102478,nan,nan,tensor(0.0021),nan,1e-06
41,1912,57.700910568237305,0.29195865988731384,nan,nan,tensor(0.0021),nan,1e-06
41,1913,57.72966122627258,0.3157138526439667,nan,nan,tensor(0.0021),nan,1e-06
41,1914,57.75853896141052,0.11896894872188568,nan,nan,tensor(0.0021),nan,1e-06
41,1915,57.786856174468994,0.2469908595085144,nan,nan,tensor(0.0021),nan,1e-06
41,1916,57.81515336036682,0.18512147665023804,nan,nan,tensor(0.0021),nan,1e-06
41,1917,57.84404540061951,0.26030969619750977,nan,nan,tensor(0.0021),nan,1e-06
41,1918,57.871800899505615,0.26622745394706726,nan,nan,tensor(0.0021),nan,1e-06
41,1919,57.90085768699646,0.2399817556142807,nan,nan,tensor(0.0021),nan,1e-06
41,1920,57.92809700965881,0.18241481482982635,nan,nan,tensor(0.0021),nan,1e-06
41,1921,57.95695948600769,0.23955368995666504,nan,nan,tensor(0.0021),nan,1e-06
41,1922,57.984214305877686,0.2558639645576477,nan,nan,tensor(0.0021),nan,1e-06
41,1923,58.01269602775574,0.14126622676849365,nan,nan,tensor(0.0021),nan,1e-06
41,1924,58.04132580757141,0.20786480605602264,nan,nan,tensor(0.0021),nan,1e-06
41,1925,58.06908059120178,0.1952693909406662,nan,nan,tensor(0.0021),nan,1e-06
41,1926,58.09783363342285,0.20990370213985443,nan,nan,tensor(0.0021),nan,1e-06
41,1927,58.1249463558197,0.15606550872325897,nan,nan,tensor(0.0021),nan,1e-06
41,1928,58.30579352378845,0.2396424114704132,0.20189363017995307,0.3600174140930176,tensor(0.0021),tensor(0.0021),1e-06
42,1929,58.3310444355011,0.2618260383605957,nan,nan,tensor(0.0021),nan,1e-06
42,1930,58.359729051589966,0.15782393515110016,nan,nan,tensor(0.0021),nan,1e-06
42,1931,58.38737654685974,0.170649453997612,nan,nan,tensor(0.0021),nan,1e-06
42,1932,58.4160590171814,0.23003464937210083,nan,nan,tensor(0.0021),nan,1e-06
42,1933,58.44497299194336,0.1280873566865921,nan,nan,tensor(0.0021),nan,1e-06
42,1934,58.47293710708618,0.11500271409749985,nan,nan,tensor(0.0021),nan,1e-06
42,1935,58.50155997276306,0.18255335092544556,nan,nan,tensor(0.0021),nan,1e-06
42,1936,58.53126049041748,0.2400810569524765,nan,nan,tensor(0.0021),nan,1e-06
42,1937,58.55990982055664,0.16275286674499512,nan,nan,tensor(0.0021),nan,1e-06
42,1938,58.58872985839844,0.17954909801483154,nan,nan,tensor(0.0021),nan,1e-06
42,1939,58.616249799728394,0.19530966877937317,nan,nan,tensor(0.0021),nan,1e-06
42,1940,58.644901514053345,0.31666478514671326,nan,nan,tensor(0.0021),nan,1e-06
42,1941,58.67173647880554,0.1489105224609375,nan,nan,tensor(0.0021),nan,1e-06
42,1942,58.70038294792175,0.23098281025886536,nan,nan,tensor(0.0021),nan,1e-06
42,1943,58.72751426696777,0.1640576869249344,nan,nan,tensor(0.0021),nan,1e-06
42,1944,58.75643825531006,0.19069156050682068,nan,nan,tensor(0.0021),nan,1e-06
42,1945,58.787320137023926,0.17948177456855774,nan,nan,tensor(0.0021),nan,1e-06
42,1946,58.82044553756714,0.23393574357032776,nan,nan,tensor(0.0021),nan,1e-06
42,1947,58.84949207305908,0.1202893853187561,nan,nan,tensor(0.0021),nan,1e-06
42,1948,58.877447843551636,0.27292898297309875,nan,nan,tensor(0.0021),nan,1e-06
42,1949,58.90399646759033,0.22176885604858398,nan,nan,tensor(0.0021),nan,1e-06
42,1950,58.93098282814026,0.17423415184020996,nan,nan,tensor(0.0021),nan,1e-06
42,1951,58.96227407455444,0.24312348663806915,nan,nan,tensor(0.0021),nan,1e-06
42,1952,58.98918128013611,0.17080987989902496,nan,nan,tensor(0.0021),nan,1e-06
42,1953,59.0168080329895,0.19301386177539825,nan,nan,tensor(0.0021),nan,1e-06
42,1954,59.04369831085205,0.17060285806655884,nan,nan,tensor(0.0021),nan,1e-06
42,1955,59.06565880775452,0.2944338023662567,nan,nan,tensor(0.0021),nan,1e-06
42,1956,59.087557315826416,0.22781535983085632,nan,nan,tensor(0.0021),nan,1e-06
42,1957,59.10925340652466,0.16242897510528564,nan,nan,tensor(0.0021),nan,1e-06
42,1958,59.13103485107422,0.20194514095783234,nan,nan,tensor(0.0021),nan,1e-06
42,1959,59.154940605163574,0.29886594414711,nan,nan,tensor(0.0021),nan,1e-06
42,1960,59.17676067352295,0.1301271915435791,nan,nan,tensor(0.0021),nan,1e-06
42,1961,59.1988000869751,0.15402314066886902,nan,nan,tensor(0.0021),nan,1e-06
42,1962,59.22034788131714,0.3117401599884033,nan,nan,tensor(0.0021),nan,1e-06
42,1963,59.242576360702515,0.13458526134490967,nan,nan,tensor(0.0021),nan,1e-06
42,1964,59.26444339752197,0.1347579061985016,nan,nan,tensor(0.0021),nan,1e-06
42,1965,59.28908014297485,0.14006267488002777,nan,nan,tensor(0.0021),nan,1e-06
42,1966,59.312846660614014,0.14862799644470215,nan,nan,tensor(0.0021),nan,1e-06
42,1967,59.33862805366516,0.23584415018558502,nan,nan,tensor(0.0021),nan,1e-06
42,1968,59.36230111122131,0.26584160327911377,nan,nan,tensor(0.0021),nan,1e-06
42,1969,59.38668441772461,0.2068457305431366,nan,nan,tensor(0.0021),nan,1e-06
42,1970,59.41002106666565,0.25529804825782776,nan,nan,tensor(0.0021),nan,1e-06
42,1971,59.43527150154114,0.15185478329658508,nan,nan,tensor(0.0021),nan,1e-06
42,1972,59.45911979675293,0.25930723547935486,nan,nan,tensor(0.0021),nan,1e-06
42,1973,59.482789039611816,0.2702465057373047,nan,nan,tensor(0.0021),nan,1e-06
42,1974,59.506062269210815,0.18861469626426697,nan,nan,tensor(0.0021),nan,1e-06
42,1975,59.68817973136902,0.19195564091205597,0.20043379750023496,0.360333065032959,tensor(0.0021),tensor(0.0021),1e-06
43,1976,59.71134948730469,0.2146303504705429,nan,nan,tensor(0.0021),nan,1e-06
43,1977,59.73425555229187,0.1406179964542389,nan,nan,tensor(0.0021),nan,1e-06
43,1978,59.757909297943115,0.1648578941822052,nan,nan,tensor(0.0021),nan,1e-06
43,1979,59.78078532218933,0.15922164916992188,nan,nan,tensor(0.0021),nan,1e-06
43,1980,59.80437135696411,0.2060537040233612,nan,nan,tensor(0.0021),nan,1e-06
43,1981,59.8343448638916,0.2641249895095825,nan,nan,tensor(0.0021),nan,1e-06
43,1982,59.861764430999756,0.2501293420791626,nan,nan,tensor(0.0021),nan,1e-06
43,1983,59.88830327987671,0.1255633533000946,nan,nan,tensor(0.0021),nan,1e-06
43,1984,59.9155797958374,0.1443551480770111,nan,nan,tensor(0.0021),nan,1e-06
43,1985,59.942304611206055,0.13763631880283356,nan,nan,tensor(0.0021),nan,1e-06
43,1986,59.97186589241028,0.17590942978858948,nan,nan,tensor(0.0021),nan,1e-06
43,1987,59.99829983711243,0.27438682317733765,nan,nan,tensor(0.0021),nan,1e-06
43,1988,60.02590036392212,0.15285630524158478,nan,nan,tensor(0.0021),nan,1e-06
43,1989,60.052324056625366,0.24456900358200073,nan,nan,tensor(0.0021),nan,1e-06
43,1990,60.07910108566284,0.23678328096866608,nan,nan,tensor(0.0021),nan,1e-06
43,1991,60.10222339630127,0.1585351973772049,nan,nan,tensor(0.0021),nan,1e-06
43,1992,60.1262903213501,0.1381595879793167,nan,nan,tensor(0.0021),nan,1e-06
43,1993,60.14932942390442,0.18421757221221924,nan,nan,tensor(0.0021),nan,1e-06
43,1994,60.173492670059204,0.10788778960704803,nan,nan,tensor(0.0021),nan,1e-06
43,1995,60.196616411209106,0.14204278588294983,nan,nan,tensor(0.0021),nan,1e-06
43,1996,60.220245122909546,0.18955858051776886,nan,nan,tensor(0.0021),nan,1e-06
43,1997,60.243587493896484,0.1269548237323761,nan,nan,tensor(0.0021),nan,1e-06
43,1998,60.267189264297485,0.25851309299468994,nan,nan,tensor(0.0021),nan,1e-06
43,1999,60.290281534194946,0.21027275919914246,nan,nan,tensor(0.0021),nan,1e-06
43,2000,60.31404685974121,0.15971097350120544,nan,nan,tensor(0.0021),nan,1e-06
43,2001,60.336692810058594,0.33201125264167786,nan,nan,tensor(0.0021),nan,1e-06
43,2002,60.360321283340454,0.10490810126066208,nan,nan,tensor(0.0021),nan,1e-06
43,2003,60.38339805603027,0.19940273463726044,nan,nan,tensor(0.0021),nan,1e-06
43,2004,60.40694618225098,0.19343280792236328,nan,nan,tensor(0.0021),nan,1e-06
43,2005,60.43043565750122,0.35569700598716736,nan,nan,tensor(0.0021),nan,1e-06
43,2006,60.45458483695984,0.1492006778717041,nan,nan,tensor(0.0021),nan,1e-06
43,2007,60.47806262969971,0.2030850648880005,nan,nan,tensor(0.0021),nan,1e-06
43,2008,60.50163984298706,0.2091721147298813,nan,nan,tensor(0.0021),nan,1e-06
43,2009,60.52480435371399,0.16690967977046967,nan,nan,tensor(0.0021),nan,1e-06
43,2010,60.55193829536438,0.1200067549943924,nan,nan,tensor(0.0021),nan,1e-06
43,2011,60.578924894332886,0.2523854970932007,nan,nan,tensor(0.0021),nan,1e-06
43,2012,60.60637640953064,0.16002705693244934,nan,nan,tensor(0.0021),nan,1e-06
43,2013,60.633408546447754,0.31100285053253174,nan,nan,tensor(0.0021),nan,1e-06
43,2014,60.66101622581482,0.17884644865989685,nan,nan,tensor(0.0021),nan,1e-06
43,2015,60.6880247592926,0.16847540438175201,nan,nan,tensor(0.0021),nan,1e-06
43,2016,60.71594190597534,0.3089566230773926,nan,nan,tensor(0.0021),nan,1e-06
43,2017,60.74285960197449,0.28331977128982544,nan,nan,tensor(0.0021),nan,1e-06
43,2018,60.770991802215576,0.20854376256465912,nan,nan,tensor(0.0021),nan,1e-06
43,2019,60.80007219314575,0.19407598674297333,nan,nan,tensor(0.0021),nan,1e-06
43,2020,60.82861685752869,0.32281696796417236,nan,nan,tensor(0.0021),nan,1e-06
43,2021,60.85573410987854,0.21227645874023438,nan,nan,tensor(0.0021),nan,1e-06
43,2022,61.03729271888733,0.16882722079753876,0.19938146798534595,0.36101135063171386,tensor(0.0021),tensor(0.0021),1e-06
44,2023,61.062620878219604,0.1625996232032776,nan,nan,tensor(0.0021),nan,1e-06
44,2024,61.08899402618408,0.14817877113819122,nan,nan,tensor(0.0021),nan,1e-06
44,2025,61.11584997177124,0.1623876392841339,nan,nan,tensor(0.0021),nan,1e-06
44,2026,61.14428448677063,0.13781917095184326,nan,nan,tensor(0.0021),nan,1e-06
44,2027,61.1708505153656,0.13461972773075104,nan,nan,tensor(0.0021),nan,1e-06
44,2028,61.198869466781616,0.22874142229557037,nan,nan,tensor(0.0021),nan,1e-06
44,2029,61.22744417190552,0.28483933210372925,nan,nan,tensor(0.0021),nan,1e-06
44,2030,61.25449204444885,0.1959208846092224,nan,nan,tensor(0.0021),nan,1e-06
44,2031,61.283154249191284,0.11133113503456116,nan,nan,tensor(0.0021),nan,1e-06
44,2032,61.31040573120117,0.1422942727804184,nan,nan,tensor(0.0021),nan,1e-06
44,2033,61.34120726585388,0.3017632067203522,nan,nan,tensor(0.0021),nan,1e-06
44,2034,61.369624853134155,0.1457580178976059,nan,nan,tensor(0.0021),nan,1e-06
44,2035,61.39824295043945,0.21392880380153656,nan,nan,tensor(0.0021),nan,1e-06
44,2036,61.42519974708557,0.26746028661727905,nan,nan,tensor(0.0021),nan,1e-06
44,2037,61.45310044288635,0.24117548763751984,nan,nan,tensor(0.0021),nan,1e-06
44,2038,61.48039650917053,0.1727932244539261,nan,nan,tensor(0.0021),nan,1e-06
44,2039,61.50826454162598,0.16645103693008423,nan,nan,tensor(0.0021),nan,1e-06
44,2040,61.53540635108948,0.18897362053394318,nan,nan,tensor(0.0021),nan,1e-06
44,2041,61.56248116493225,0.2122351974248886,nan,nan,tensor(0.0021),nan,1e-06
44,2042,61.590081214904785,0.12076589465141296,nan,nan,tensor(0.0021),nan,1e-06
44,2043,61.61805033683777,0.19453613460063934,nan,nan,tensor(0.0021),nan,1e-06
44,2044,61.645390033721924,0.30248039960861206,nan,nan,tensor(0.0021),nan,1e-06
44,2045,61.67349195480347,0.12203676998615265,nan,nan,tensor(0.0021),nan,1e-06
44,2046,61.701066732406616,0.12539882957935333,nan,nan,tensor(0.0021),nan,1e-06
44,2047,61.72942328453064,0.20701313018798828,nan,nan,tensor(0.0021),nan,1e-06
44,2048,61.75677227973938,0.19249999523162842,nan,nan,tensor(0.0021),nan,1e-06
44,2049,61.783806562423706,0.22787690162658691,nan,nan,tensor(0.0021),nan,1e-06
44,2050,61.81047058105469,0.1733953058719635,nan,nan,tensor(0.0021),nan,1e-06
44,2051,61.837404012680054,0.3187204897403717,nan,nan,tensor(0.0021),nan,1e-06
44,2052,61.86425805091858,0.19272109866142273,nan,nan,tensor(0.0021),nan,1e-06
44,2053,61.89127850532532,0.2155846357345581,nan,nan,tensor(0.0021),nan,1e-06
44,2054,61.91812467575073,0.20947590470314026,nan,nan,tensor(0.0021),nan,1e-06
44,2055,61.94549894332886,0.2077404409646988,nan,nan,tensor(0.0021),nan,1e-06
44,2056,61.97544026374817,0.2606925964355469,nan,nan,tensor(0.0021),nan,1e-06
44,2057,61.99799418449402,0.15169879794120789,nan,nan,tensor(0.0021),nan,1e-06
44,2058,62.01997423171997,0.13496017456054688,nan,nan,tensor(0.0021),nan,1e-06
44,2059,62.04162788391113,0.13814562559127808,nan,nan,tensor(0.0021),nan,1e-06
44,2060,62.063202142715454,0.12873901426792145,nan,nan,tensor(0.0021),nan,1e-06
44,2061,62.08476257324219,0.2363218069076538,nan,nan,tensor(0.0021),nan,1e-06
44,2062,62.10806345939636,0.10796530544757843,nan,nan,tensor(0.0021),nan,1e-06
44,2063,62.12983322143555,0.13431668281555176,nan,nan,tensor(0.0021),nan,1e-06
44,2064,62.15222358703613,0.3045748770236969,nan,nan,tensor(0.0021),nan,1e-06
44,2065,62.173877477645874,0.2547133266925812,nan,nan,tensor(0.0021),nan,1e-06
44,2066,62.19603514671326,0.28121092915534973,nan,nan,tensor(0.0021),nan,1e-06
44,2067,62.21743965148926,0.2831423878669739,nan,nan,tensor(0.0021),nan,1e-06
44,2068,62.23973536491394,0.24095401167869568,nan,nan,tensor(0.0021),nan,1e-06
44,2069,62.42751336097717,0.23176679015159607,0.19827061954964983,0.36067933845520017,tensor(0.0021),tensor(0.0021),1e-06
45,2070,62.450103998184204,0.13298436999320984,nan,nan,tensor(0.0021),nan,1e-06
45,2071,62.47874736785889,0.19554688036441803,nan,nan,tensor(0.0021),nan,1e-06
45,2072,62.503698110580444,0.23950743675231934,nan,nan,tensor(0.0021),nan,1e-06
45,2073,62.52777910232544,0.19656215608119965,nan,nan,tensor(0.0021),nan,1e-06
45,2074,62.55254626274109,0.14377713203430176,nan,nan,tensor(0.0021),nan,1e-06
45,2075,62.57567071914673,0.19595591723918915,nan,nan,tensor(0.0021),nan,1e-06
45,2076,62.60038447380066,0.21330729126930237,nan,nan,tensor(0.0021),nan,1e-06
45,2077,62.62417221069336,0.18943777680397034,nan,nan,tensor(0.0021),nan,1e-06
45,2078,62.64865732192993,0.15597867965698242,nan,nan,tensor(0.0021),nan,1e-06
45,2079,62.67295980453491,0.10627225786447525,nan,nan,tensor(0.0021),nan,1e-06
45,2080,62.697566986083984,0.32783594727516174,nan,nan,tensor(0.0021),nan,1e-06
45,2081,62.7213191986084,0.17797914147377014,nan,nan,tensor(0.0021),nan,1e-06
45,2082,62.74570846557617,0.12197807431221008,nan,nan,tensor(0.0021),nan,1e-06
45,2083,62.7704062461853,0.222881481051445,nan,nan,tensor(0.0021),nan,1e-06
45,2084,62.800248861312866,0.27084946632385254,nan,nan,tensor(0.0021),nan,1e-06
45,2085,62.8253858089447,0.3193957805633545,nan,nan,tensor(0.0021),nan,1e-06
45,2086,62.85257840156555,0.23252901434898376,nan,nan,tensor(0.0021),nan,1e-06
45,2087,62.881587743759155,0.294220507144928,nan,nan,tensor(0.0021),nan,1e-06
45,2088,62.90939164161682,0.14280878007411957,nan,nan,tensor(0.0021),nan,1e-06
45,2089,62.93850231170654,0.1134507805109024,nan,nan,tensor(0.0021),nan,1e-06
45,2090,62.966723680496216,0.1452772617340088,nan,nan,tensor(0.0021),nan,1e-06
45,2091,62.99573540687561,0.13324522972106934,nan,nan,tensor(0.0021),nan,1e-06
45,2092,63.02395248413086,0.17902758717536926,nan,nan,tensor(0.0021),nan,1e-06
45,2093,63.04984927177429,0.16261139512062073,nan,nan,tensor(0.0021),nan,1e-06
45,2094,63.07417345046997,0.20220445096492767,nan,nan,tensor(0.0021),nan,1e-06
45,2095,63.100889682769775,0.19748413562774658,nan,nan,tensor(0.0021),nan,1e-06
45,2096,63.125876665115356,0.13348129391670227,nan,nan,tensor(0.0021),nan,1e-06
45,2097,63.1522958278656,0.22185619175434113,nan,nan,tensor(0.0021),nan,1e-06
45,2098,63.17846345901489,0.12420730292797089,nan,nan,tensor(0.0021),nan,1e-06
45,2099,63.20452284812927,0.2043890506029129,nan,nan,tensor(0.0021),nan,1e-06
45,2100,63.22921538352966,0.1919182389974594,nan,nan,tensor(0.0021),nan,1e-06
45,2101,63.255680561065674,0.2574043571949005,nan,nan,tensor(0.0021),nan,1e-06
45,2102,63.28172731399536,0.3005574345588684,nan,nan,tensor(0.0021),nan,1e-06
45,2103,63.30847120285034,0.15928375720977783,nan,nan,tensor(0.0021),nan,1e-06
45,2104,63.33368253707886,0.21210476756095886,nan,nan,tensor(0.0021),nan,1e-06
45,2105,63.35980558395386,0.1520536094903946,nan,nan,tensor(0.0021),nan,1e-06
45,2106,63.38592720031738,0.2313995510339737,nan,nan,tensor(0.0021),nan,1e-06
45,2107,63.412352085113525,0.2237643599510193,nan,nan,tensor(0.0021),nan,1e-06
45,2108,63.44036102294922,0.20404818654060364,nan,nan,tensor(0.0021),nan,1e-06
45,2109,63.46944284439087,0.18427395820617676,nan,nan,tensor(0.0021),nan,1e-06
45,2110,63.49835729598999,0.17569343745708466,nan,nan,tensor(0.0021),nan,1e-06
45,2111,63.526185750961304,0.33934181928634644,nan,nan,tensor(0.0021),nan,1e-06
45,2112,63.55446457862854,0.1772899627685547,nan,nan,tensor(0.0021),nan,1e-06
45,2113,63.5821590423584,0.22366680204868317,nan,nan,tensor(0.0021),nan,1e-06
45,2114,63.61057901382446,0.19036567211151123,nan,nan,tensor(0.0021),nan,1e-06
45,2115,63.638025760650635,0.1691761612892151,nan,nan,tensor(0.0021),nan,1e-06
45,2116,63.821470737457275,0.14495955407619476,0.19647541277586145,0.36080144119262697,tensor(0.0021),tensor(0.0021),1e-06
46,2117,63.84788227081299,0.22993193566799164,nan,nan,tensor(0.0021),nan,1e-06
46,2118,63.87695646286011,0.23620912432670593,nan,nan,tensor(0.0021),nan,1e-06
46,2119,63.906033992767334,0.17710253596305847,nan,nan,tensor(0.0021),nan,1e-06
46,2120,63.933653593063354,0.17251542210578918,nan,nan,tensor(0.0021),nan,1e-06
46,2121,63.96564745903015,0.2690194547176361,nan,nan,tensor(0.0021),nan,1e-06
46,2122,63.99425411224365,0.1441962867975235,nan,nan,tensor(0.0021),nan,1e-06
46,2123,64.02347755432129,0.1266302764415741,nan,nan,tensor(0.0021),nan,1e-06
46,2124,64.05253005027771,0.2807692289352417,nan,nan,tensor(0.0021),nan,1e-06
46,2125,64.08176803588867,0.19157177209854126,nan,nan,tensor(0.0021),nan,1e-06
46,2126,64.11040258407593,0.22903244197368622,nan,nan,tensor(0.0021),nan,1e-06
46,2127,64.13943934440613,0.18985393643379211,nan,nan,tensor(0.0021),nan,1e-06
46,2128,64.16852712631226,0.20831680297851562,nan,nan,tensor(0.0021),nan,1e-06
46,2129,64.19776105880737,0.17735829949378967,nan,nan,tensor(0.0021),nan,1e-06
46,2130,64.22677850723267,0.24393963813781738,nan,nan,tensor(0.0021),nan,1e-06
46,2131,64.25654149055481,0.12740102410316467,nan,nan,tensor(0.0021),nan,1e-06
46,2132,64.287029504776,0.15354666113853455,nan,nan,tensor(0.0021),nan,1e-06
46,2133,64.31659412384033,0.2732032537460327,nan,nan,tensor(0.0021),nan,1e-06
46,2134,64.34585213661194,0.1792401671409607,nan,nan,tensor(0.0021),nan,1e-06
46,2135,64.37451076507568,0.17128300666809082,nan,nan,tensor(0.0021),nan,1e-06
46,2136,64.40326166152954,0.14411160349845886,nan,nan,tensor(0.0021),nan,1e-06
46,2137,64.43174004554749,0.18243500590324402,nan,nan,tensor(0.0021),nan,1e-06
46,2138,64.46057462692261,0.19100797176361084,nan,nan,tensor(0.0021),nan,1e-06
46,2139,64.48922371864319,0.392010897397995,nan,nan,tensor(0.0021),nan,1e-06
46,2140,64.51896572113037,0.20178109407424927,nan,nan,tensor(0.0021),nan,1e-06
46,2141,64.54700660705566,0.13520346581935883,nan,nan,tensor(0.0021),nan,1e-06
46,2142,64.57641005516052,0.09999113529920578,nan,nan,tensor(0.0021),nan,1e-06
46,2143,64.60397481918335,0.13995181024074554,nan,nan,tensor(0.0021),nan,1e-06
46,2144,64.63333320617676,0.1452646553516388,nan,nan,tensor(0.0021),nan,1e-06
46,2145,64.66254448890686,0.20230060815811157,nan,nan,tensor(0.0021),nan,1e-06
46,2146,64.68985652923584,0.15870529413223267,nan,nan,tensor(0.0021),nan,1e-06
46,2147,64.71917915344238,0.2877240478992462,nan,nan,tensor(0.0021),nan,1e-06
46,2148,64.74797034263611,0.19156453013420105,nan,nan,tensor(0.0021),nan,1e-06
46,2149,64.77694272994995,0.39263463020324707,nan,nan,tensor(0.0021),nan,1e-06
46,2150,64.80985069274902,0.133102148771286,nan,nan,tensor(0.0021),nan,1e-06
46,2151,64.83867764472961,0.13207074999809265,nan,nan,tensor(0.0021),nan,1e-06
46,2152,64.86703300476074,0.29912498593330383,nan,nan,tensor(0.0021),nan,1e-06
46,2153,64.89842224121094,0.09129856526851654,nan,nan,tensor(0.0021),nan,1e-06
46,2154,64.9260950088501,0.1555897295475006,nan,nan,tensor(0.0021),nan,1e-06
46,2155,64.95836973190308,0.25908994674682617,nan,nan,tensor(0.0021),nan,1e-06
46,2156,64.98633360862732,0.14978043735027313,nan,nan,tensor(0.0021),nan,1e-06
46,2157,65.01002740859985,0.11296180635690689,nan,nan,tensor(0.0021),nan,1e-06
46,2158,65.04017925262451,0.25844094157218933,nan,nan,tensor(0.0021),nan,1e-06
46,2159,65.06485652923584,0.2243642508983612,nan,nan,tensor(0.0021),nan,1e-06
46,2160,65.09156656265259,0.15816625952720642,nan,nan,tensor(0.0021),nan,1e-06
46,2161,65.11509537696838,0.23062871396541595,nan,nan,tensor(0.0021),nan,1e-06
46,2162,65.14361810684204,0.12661859393119812,nan,nan,tensor(0.0021),nan,1e-06
46,2163,65.32588291168213,0.22736480832099915,0.1958385097219589,0.3597972717285156,tensor(0.0021),tensor(0.0021),1e-06
47,2164,65.34901356697083,0.26973479986190796,nan,nan,tensor(0.0021),nan,1e-06
47,2165,65.37349581718445,0.24282144010066986,nan,nan,tensor(0.0021),nan,1e-06
47,2166,65.39732813835144,0.1995611935853958,nan,nan,tensor(0.0021),nan,1e-06
47,2167,65.42234373092651,0.2526100277900696,nan,nan,tensor(0.0021),nan,1e-06
47,2168,65.44663405418396,0.3409240245819092,nan,nan,tensor(0.0021),nan,1e-06
47,2169,65.47146844863892,0.16636060178279877,nan,nan,tensor(0.0021),nan,1e-06
47,2170,65.49545741081238,0.1918802261352539,nan,nan,tensor(0.0021),nan,1e-06
47,2171,65.51996874809265,0.12731865048408508,nan,nan,tensor(0.0021),nan,1e-06
47,2172,65.54440188407898,0.1809251606464386,nan,nan,tensor(0.0021),nan,1e-06
47,2173,65.5706729888916,0.15791575610637665,nan,nan,tensor(0.0021),nan,1e-06
47,2174,65.59572505950928,0.21110819280147552,nan,nan,tensor(0.0021),nan,1e-06
47,2175,65.62232518196106,0.21984638273715973,nan,nan,tensor(0.0021),nan,1e-06
47,2176,65.64749765396118,0.22808392345905304,nan,nan,tensor(0.0021),nan,1e-06
47,2177,65.67367267608643,0.1471497118473053,nan,nan,tensor(0.0021),nan,1e-06
47,2178,65.69870471954346,0.26064521074295044,nan,nan,tensor(0.0021),nan,1e-06
47,2179,65.72515964508057,0.23601384460926056,nan,nan,tensor(0.0021),nan,1e-06
47,2180,65.75020265579224,0.10734820365905762,nan,nan,tensor(0.0021),nan,1e-06
47,2181,65.77595901489258,0.18770435452461243,nan,nan,tensor(0.0021),nan,1e-06
47,2182,65.80418062210083,0.2669976055622101,nan,nan,tensor(0.0021),nan,1e-06
47,2183,65.83051824569702,0.261799693107605,nan,nan,tensor(0.0021),nan,1e-06
47,2184,65.8555076122284,0.20225290954113007,nan,nan,tensor(0.0021),nan,1e-06
47,2185,65.88294005393982,0.18815737962722778,nan,nan,tensor(0.0021),nan,1e-06
47,2186,65.91007614135742,0.17262272536754608,nan,nan,tensor(0.0021),nan,1e-06
47,2187,65.93869662284851,0.16017906367778778,nan,nan,tensor(0.0021),nan,1e-06
47,2188,65.9668402671814,0.1576133370399475,nan,nan,tensor(0.0021),nan,1e-06
47,2189,65.99561595916748,0.19252996146678925,nan,nan,tensor(0.0021),nan,1e-06
47,2190,66.02579689025879,0.18121197819709778,nan,nan,tensor(0.0021),nan,1e-06
47,2191,66.0550606250763,0.22777175903320312,nan,nan,tensor(0.0021),nan,1e-06
47,2192,66.08495092391968,0.1820710152387619,nan,nan,tensor(0.0021),nan,1e-06
47,2193,66.11603617668152,0.22389695048332214,nan,nan,tensor(0.0021),nan,1e-06
47,2194,66.14544796943665,0.15025335550308228,nan,nan,tensor(0.0021),nan,1e-06
47,2195,66.17080569267273,0.28540894389152527,nan,nan,tensor(0.0021),nan,1e-06
47,2196,66.19670367240906,0.1438807100057602,nan,nan,tensor(0.0021),nan,1e-06
47,2197,66.22128558158875,0.1756555140018463,nan,nan,tensor(0.0021),nan,1e-06
47,2198,66.24683380126953,0.14839300513267517,nan,nan,tensor(0.0021),nan,1e-06
47,2199,66.27262711524963,0.20208686590194702,nan,nan,tensor(0.0021),nan,1e-06
47,2200,66.29786944389343,0.1365942358970642,nan,nan,tensor(0.0021),nan,1e-06
47,2201,66.32310581207275,0.18694262206554413,nan,nan,tensor(0.0021),nan,1e-06
47,2202,66.34670734405518,0.1858244240283966,nan,nan,tensor(0.0021),nan,1e-06
47,2203,66.37222909927368,0.25346657633781433,nan,nan,tensor(0.0021),nan,1e-06
47,2204,66.39651036262512,0.11901141703128815,nan,nan,tensor(0.0021),nan,1e-06
47,2205,66.4220187664032,0.16760437190532684,nan,nan,tensor(0.0021),nan,1e-06
47,2206,66.44551920890808,0.18183687329292297,nan,nan,tensor(0.0021),nan,1e-06
47,2207,66.47121500968933,0.14995896816253662,nan,nan,tensor(0.0021),nan,1e-06
47,2208,66.49513912200928,0.20336219668388367,nan,nan,tensor(0.0021),nan,1e-06
47,2209,66.52104449272156,0.1682628095149994,nan,nan,tensor(0.0021),nan,1e-06
47,2210,66.7022352218628,0.12362955510616302,0.19419635166513158,0.35976894760131833,tensor(0.0021),tensor(0.0021),1e-06
48,2211,66.72513008117676,0.19491775333881378,nan,nan,tensor(0.0021),nan,1e-06
48,2212,66.75090527534485,0.22116680443286896,nan,nan,tensor(0.0021),nan,1e-06
48,2213,66.77898859977722,0.1462632715702057,nan,nan,tensor(0.0021),nan,1e-06
48,2214,66.80483269691467,0.23456445336341858,nan,nan,tensor(0.0021),nan,1e-06
48,2215,66.828458070755,0.24034690856933594,nan,nan,tensor(0.0021),nan,1e-06
48,2216,66.8539366722107,0.250786691904068,nan,nan,tensor(0.0021),nan,1e-06
48,2217,66.87732195854187,0.17298315465450287,nan,nan,tensor(0.0021),nan,1e-06
48,2218,66.90484523773193,0.2247484028339386,nan,nan,tensor(0.0021),nan,1e-06
48,2219,66.93086981773376,0.16113603115081787,nan,nan,tensor(0.0021),nan,1e-06
48,2220,66.95691108703613,0.191135436296463,nan,nan,tensor(0.0021),nan,1e-06
48,2221,66.98246049880981,0.12257883697748184,nan,nan,tensor(0.0021),nan,1e-06
48,2222,67.00978779792786,0.19538605213165283,nan,nan,tensor(0.0021),nan,1e-06
48,2223,67.03805565834045,0.12348717451095581,nan,nan,tensor(0.0021),nan,1e-06
48,2224,67.06541037559509,0.17898747324943542,nan,nan,tensor(0.0021),nan,1e-06
48,2225,67.09409856796265,0.25742828845977783,nan,nan,tensor(0.0021),nan,1e-06
48,2226,67.1212956905365,0.24398930370807648,nan,nan,tensor(0.0021),nan,1e-06
48,2227,67.15004920959473,0.28431764245033264,nan,nan,tensor(0.0021),nan,1e-06
48,2228,67.17692923545837,0.2070811539888382,nan,nan,tensor(0.0021),nan,1e-06
48,2229,67.20609998703003,0.17421698570251465,nan,nan,tensor(0.0021),nan,1e-06
48,2230,67.23322582244873,0.11571802198886871,nan,nan,tensor(0.0021),nan,1e-06
48,2231,67.26159763336182,0.15784765779972076,nan,nan,tensor(0.0021),nan,1e-06
48,2232,67.28883385658264,0.1244640052318573,nan,nan,tensor(0.0021),nan,1e-06
48,2233,67.31759214401245,0.18828962743282318,nan,nan,tensor(0.0021),nan,1e-06
48,2234,67.3455879688263,0.16666769981384277,nan,nan,tensor(0.0021),nan,1e-06
48,2235,67.37396121025085,0.1188340038061142,nan,nan,tensor(0.0021),nan,1e-06
48,2236,67.4019832611084,0.17060230672359467,nan,nan,tensor(0.0021),nan,1e-06
48,2237,67.43074131011963,0.2863208055496216,nan,nan,tensor(0.0021),nan,1e-06
48,2238,67.45816087722778,0.12208728492259979,nan,nan,tensor(0.0021),nan,1e-06
48,2239,67.48680853843689,0.14389117062091827,nan,nan,tensor(0.0021),nan,1e-06
48,2240,67.51526832580566,0.17671482264995575,nan,nan,tensor(0.0021),nan,1e-06
48,2241,67.54398512840271,0.16287939250469208,nan,nan,tensor(0.0021),nan,1e-06
48,2242,67.57191753387451,0.11715565621852875,nan,nan,tensor(0.0021),nan,1e-06
48,2243,67.60050129890442,0.2265009880065918,nan,nan,tensor(0.0021),nan,1e-06
48,2244,67.62920999526978,0.12927035987377167,nan,nan,tensor(0.0021),nan,1e-06
48,2245,67.65787529945374,0.20721718668937683,nan,nan,tensor(0.0021),nan,1e-06
48,2246,67.68542766571045,0.26461371779441833,nan,nan,tensor(0.0021),nan,1e-06
48,2247,67.71395778656006,0.15460127592086792,nan,nan,tensor(0.0021),nan,1e-06
48,2248,67.74103546142578,0.36997705698013306,nan,nan,tensor(0.0021),nan,1e-06
48,2249,67.76970744132996,0.21462920308113098,nan,nan,tensor(0.0021),nan,1e-06
48,2250,67.80140686035156,0.18688984215259552,nan,nan,tensor(0.0021),nan,1e-06
48,2251,67.82981300354004,0.278545618057251,nan,nan,tensor(0.0021),nan,1e-06
48,2252,67.85639548301697,0.13135933876037598,nan,nan,tensor(0.0021),nan,1e-06
48,2253,67.8850576877594,0.16504256427288055,nan,nan,tensor(0.0021),nan,1e-06
48,2254,67.91477060317993,0.2513697147369385,nan,nan,tensor(0.0021),nan,1e-06
48,2255,67.94149708747864,0.17028827965259552,nan,nan,tensor(0.0021),nan,1e-06
48,2256,67.97301173210144,0.1656840592622757,nan,nan,tensor(0.0021),nan,1e-06
48,2257,68.15429496765137,0.31059297919273376,0.1936931161487356,0.35988677406311037,tensor(0.0021),tensor(0.0021),1e-06
49,2258,68.17967772483826,0.22616788744926453,nan,nan,tensor(0.0021),nan,1e-06
49,2259,68.20831394195557,0.11210398375988007,nan,nan,tensor(0.0021),nan,1e-06
49,2260,68.23593664169312,0.15750721096992493,nan,nan,tensor(0.0021),nan,1e-06
49,2261,68.26056623458862,0.1917417347431183,nan,nan,tensor(0.0021),nan,1e-06
49,2262,68.28340172767639,0.21105314791202545,nan,nan,tensor(0.0021),nan,1e-06
49,2263,68.30786323547363,0.16248831152915955,nan,nan,tensor(0.0021),nan,1e-06
49,2264,68.33270239830017,0.2100541591644287,nan,nan,tensor(0.0021),nan,1e-06
49,2265,68.3574423789978,0.13878566026687622,nan,nan,tensor(0.0021),nan,1e-06
49,2266,68.38005042076111,0.18371354043483734,nan,nan,tensor(0.0021),nan,1e-06
49,2267,68.4045774936676,0.22832393646240234,nan,nan,tensor(0.0021),nan,1e-06
49,2268,68.42785286903381,0.10694732517004013,nan,nan,tensor(0.0021),nan,1e-06
49,2269,68.45233154296875,0.16164222359657288,nan,nan,tensor(0.0021),nan,1e-06
49,2270,68.47587895393372,0.22655482590198517,nan,nan,tensor(0.0021),nan,1e-06
49,2271,68.50036144256592,0.30047309398651123,nan,nan,tensor(0.0021),nan,1e-06
49,2272,68.52425980567932,0.19728466868400574,nan,nan,tensor(0.0021),nan,1e-06
49,2273,68.54883909225464,0.1286662518978119,nan,nan,tensor(0.0021),nan,1e-06
49,2274,68.57235550880432,0.16413091123104095,nan,nan,tensor(0.0021),nan,1e-06
49,2275,68.59696578979492,0.16810238361358643,nan,nan,tensor(0.0021),nan,1e-06
49,2276,68.61899852752686,0.17384591698646545,nan,nan,tensor(0.0021),nan,1e-06
49,2277,68.64327621459961,0.1237933561205864,nan,nan,tensor(0.0021),nan,1e-06
49,2278,68.66783332824707,0.14555522799491882,nan,nan,tensor(0.0021),nan,1e-06
49,2279,68.6938066482544,0.1111740693449974,nan,nan,tensor(0.0021),nan,1e-06
49,2280,68.71931552886963,0.1586495339870453,nan,nan,tensor(0.0021),nan,1e-06
49,2281,68.74510049819946,0.21060340106487274,nan,nan,tensor(0.0021),nan,1e-06
49,2282,68.77005434036255,0.12467242032289505,nan,nan,tensor(0.0021),nan,1e-06
49,2283,68.80609440803528,0.12841922044754028,nan,nan,tensor(0.0021),nan,1e-06
49,2284,68.83199429512024,0.1577264368534088,nan,nan,tensor(0.0021),nan,1e-06
49,2285,68.8593270778656,0.2389255166053772,nan,nan,tensor(0.0021),nan,1e-06
49,2286,68.88577508926392,0.17477090656757355,nan,nan,tensor(0.0021),nan,1e-06
49,2287,68.91323900222778,0.17166870832443237,nan,nan,tensor(0.0021),nan,1e-06
49,2288,68.94520354270935,0.3684546649456024,nan,nan,tensor(0.0021),nan,1e-06
49,2289,68.97578954696655,0.21431732177734375,nan,nan,tensor(0.0021),nan,1e-06
49,2290,69.00432538986206,0.23021817207336426,nan,nan,tensor(0.0021),nan,1e-06
49,2291,69.0322732925415,0.12910926342010498,nan,nan,tensor(0.0021),nan,1e-06
49,2292,69.06154417991638,0.32496947050094604,nan,nan,tensor(0.0021),nan,1e-06
49,2293,69.08885502815247,0.4608254134654999,nan,nan,tensor(0.0021),nan,1e-06
49,2294,69.1175103187561,0.20392116904258728,nan,nan,tensor(0.0021),nan,1e-06
49,2295,69.14587426185608,0.24265407025814056,nan,nan,tensor(0.0021),nan,1e-06
49,2296,69.17477774620056,0.14792746305465698,nan,nan,tensor(0.0021),nan,1e-06
49,2297,69.19801545143127,0.1622459441423416,nan,nan,tensor(0.0021),nan,1e-06
49,2298,69.2235689163208,0.2666879892349243,nan,nan,tensor(0.0021),nan,1e-06
49,2299,69.24804854393005,0.3257044553756714,nan,nan,tensor(0.0021),nan,1e-06
49,2300,69.27380323410034,0.18247011303901672,nan,nan,tensor(0.0021),nan,1e-06
49,2301,69.2970597743988,0.10737062245607376,nan,nan,tensor(0.0021),nan,1e-06
49,2302,69.32401704788208,0.15302127599716187,nan,nan,tensor(0.0021),nan,1e-06
49,2303,69.34839868545532,0.1468919813632965,nan,nan,tensor(0.0021),nan,1e-06
49,2304,69.5285267829895,0.14545774459838867,0.1916551724710363,0.36052245140075684,tensor(0.0021),tensor(0.0021),1e-06
50,2305,69.5512683391571,0.35174375772476196,nan,nan,tensor(0.0021),nan,1e-06
50,2306,69.57415843009949,0.29179123044013977,nan,nan,tensor(0.0021),nan,1e-06
50,2307,69.59743547439575,0.20648770034313202,nan,nan,tensor(0.0021),nan,1e-06
50,2308,69.62019681930542,0.20289857685565948,nan,nan,tensor(0.0021),nan,1e-06
50,2309,69.64888572692871,0.1589035540819168,nan,nan,tensor(0.0021),nan,1e-06
50,2310,69.67172837257385,0.15186050534248352,nan,nan,tensor(0.0021),nan,1e-06
50,2311,69.69481134414673,0.2407931089401245,nan,nan,tensor(0.0021),nan,1e-06
50,2312,69.7178955078125,0.16454164683818817,nan,nan,tensor(0.0021),nan,1e-06
50,2313,69.7427818775177,0.1918105185031891,nan,nan,tensor(0.0021),nan,1e-06
50,2314,69.76575469970703,0.09002159535884857,nan,nan,tensor(0.0021),nan,1e-06
50,2315,69.79183650016785,0.1836356222629547,nan,nan,tensor(0.0021),nan,1e-06
50,2316,69.81520938873291,0.15994539856910706,nan,nan,tensor(0.0021),nan,1e-06
50,2317,69.83842420578003,0.2148192822933197,nan,nan,tensor(0.0021),nan,1e-06
50,2318,69.86221432685852,0.13467757403850555,nan,nan,tensor(0.0021),nan,1e-06
50,2319,69.88807606697083,0.1932503879070282,nan,nan,tensor(0.0021),nan,1e-06
50,2320,69.9115662574768,0.25100013613700867,nan,nan,tensor(0.0021),nan,1e-06
50,2321,69.93503522872925,0.15757034718990326,nan,nan,tensor(0.0021),nan,1e-06
50,2322,69.96190905570984,0.17740455269813538,nan,nan,tensor(0.0021),nan,1e-06
50,2323,69.98687171936035,0.2235359251499176,nan,nan,tensor(0.0021),nan,1e-06
50,2324,70.01240801811218,0.09995684027671814,nan,nan,tensor(0.0021),nan,1e-06
50,2325,70.03580164909363,0.1441480815410614,nan,nan,tensor(0.0021),nan,1e-06
50,2326,70.06128120422363,0.19854429364204407,nan,nan,tensor(0.0021),nan,1e-06
50,2327,70.08591437339783,0.15404915809631348,nan,nan,tensor(0.0021),nan,1e-06
50,2328,70.11423850059509,0.23421531915664673,nan,nan,tensor(0.0021),nan,1e-06
50,2329,70.1419129371643,0.20418350398540497,nan,nan,tensor(0.0021),nan,1e-06
50,2330,70.17030382156372,0.24689537286758423,nan,nan,tensor(0.0021),nan,1e-06
50,2331,70.1976990699768,0.16312667727470398,nan,nan,tensor(0.0021),nan,1e-06
50,2332,70.22606587409973,0.22767513990402222,nan,nan,tensor(0.0021),nan,1e-06
50,2333,70.25388073921204,0.15394240617752075,nan,nan,tensor(0.0021),nan,1e-06
50,2334,70.2822778224945,0.24145624041557312,nan,nan,tensor(0.0021),nan,1e-06
50,2335,70.30995988845825,0.1827201396226883,nan,nan,tensor(0.0021),nan,1e-06
50,2336,70.33837842941284,0.19197523593902588,nan,nan,tensor(0.0021),nan,1e-06
50,2337,70.36622452735901,0.22083474695682526,nan,nan,tensor(0.0020),nan,1e-06
50,2338,70.3947274684906,0.17726412415504456,nan,nan,tensor(0.0020),nan,1e-06
50,2339,70.42331290245056,0.1767684519290924,nan,nan,tensor(0.0020),nan,1e-06
50,2340,70.45278596878052,0.2251284122467041,nan,nan,tensor(0.0020),nan,1e-06
50,2341,70.48180341720581,0.12834979593753815,nan,nan,tensor(0.0020),nan,1e-06
50,2342,70.50995111465454,0.13197921216487885,nan,nan,tensor(0.0020),nan,1e-06
50,2343,70.53866410255432,0.24640481173992157,nan,nan,tensor(0.0020),nan,1e-06
50,2344,70.56656980514526,0.24331064522266388,nan,nan,tensor(0.0020),nan,1e-06
50,2345,70.59534335136414,0.18620407581329346,nan,nan,tensor(0.0020),nan,1e-06
50,2346,70.6233777999878,0.2576701045036316,nan,nan,tensor(0.0020),nan,1e-06
50,2347,70.65680170059204,0.11077815294265747,nan,nan,tensor(0.0020),nan,1e-06
50,2348,70.68611431121826,0.2139970064163208,nan,nan,tensor(0.0020),nan,1e-06
50,2349,70.71392369270325,0.12079499661922455,nan,nan,tensor(0.0020),nan,1e-06
50,2350,70.74228644371033,0.14988866448402405,nan,nan,tensor(0.0020),nan,1e-06
50,2351,70.92914986610413,0.20771503448486328,0.19120570351468755,0.36014275360107423,tensor(0.0020),tensor(0.0021),1e-06
